Eye-Tracking Data:DateTime.Now, FocusInfo.point,FocusInfo.normal,FocusInfo.distance,FocusInfo.transform.name,eyeData.verbose_data.combined.eye_data.gaze_direction_normalized,eyeData.verbose_data.combined.eye_data.gaze_origin_mm,eyeData.verbose_data.left.pupil_diameter_mm,eyeData.verbose_data.right.pupil_diameter_mm
05/08/2020 15:51:58,(142.2, 33.4, -47.0),(-0.3, 1.0, -0.1),2.313515,Terrain_0_0-20200716 - 154804,(0.1, -0.3, 1.0),(-30.4, 21.1, -98.7),-1,2.044312
05/08/2020 15:51:58,(145.1, 33.6, -51.1),(-0.2, 1.0, -0.2),7.101767,Terrain_0_0-20200716 - 154804,(0.0, 0.1, 1.0),(-30.7, 11.2, -62.8),-1,3.856964
05/08/2020 15:51:58,(146.6, 33.4, -53.5),(-0.2, 1.0, -0.2),9.96986,Terrain_0_0-20200716 - 154804,(0.0, 0.1, 1.0),(-30.7, 10.6, -58.5),-1,4.076462
05/08/2020 15:51:58,(144.9, 33.5, -51.2),(-0.2, 1.0, -0.2),7.162065,Terrain_0_0-20200716 - 154804,(0.0, 0.0, 1.0),(-30.5, 10.2, -54.7),-1,4.283783
05/08/2020 15:51:58,(144.4, 33.5, -50.7),(-0.2, 1.0, -0.2),6.60789,Terrain_0_0-20200716 - 154804,(0.0, 0.0, 1.0),(-30.5, 10.4, -55.3),-1,4.200607
05/08/2020 15:51:58,(143.8, 33.3, -50.9),(-0.2, 1.0, -0.2),6.456799,Terrain_0_0-20200716 - 154804,(-0.1, 0.0, 1.0),(-30.8, 9.8, -54.3),-1,4.193176
05/08/2020 15:51:58,(144.3, 33.0, -53.2),(-0.2, 1.0, -0.2),8.72655,Terrain_0_0-20200716 - 154804,(-0.1, 0.0, 1.0),(-31.6, 9.5, -54.8),-1,4.139999
05/08/2020 15:51:58,(158.0, 28.4, -82.6),(0.7, 0.0, 0.7),41.59433,Terrain_0_0-20200716 - 154804,(-0.2, 0.0, 1.0),(-31.8, 8.5, -52.9),-1,4.236938
05/08/2020 15:51:58,(157.8, 28.5, -82.5),(0.5, 0.0, 0.9),41.4472,Terrain_0_0-20200716 - 154804,(-0.1, 0.0, 1.0),(-32.0, 7.8, -51.9),-1,4.327332
05/08/2020 15:51:58,(157.7, 28.4, -82.4),(0.3, 0.0, 1.0),41.38215,Terrain_0_0-20200716 - 154804,(-0.1, 0.0, 1.0),(-27.1, 5.9, -48.9),4.616943,4.459625
05/08/2020 15:51:58,(157.9, 28.6, -82.6),(0.6, 0.0, 0.8),41.63416,Terrain_0_0-20200716 - 154804,(-0.1, 0.0, 1.0),(-31.6, 6.8, -49.8),3.7854,4.419281
05/08/2020 15:51:58,(170.5, 25.7, -107.1),(0.1, 1.0, 0.1),69.38046,Terrain_0_0-20200716 - 154804,(-0.1, 0.0, 1.0),(-31.1, 6.8, -48.8),4.00885,4.442215
05/08/2020 15:51:58,(158.0, 29.2, -82.6),(0.7, 0.0, 0.7),41.7156,Terrain_0_0-20200716 - 154804,(-0.1, 0.0, 1.0),(-30.6, 7.4, -49.4),4.186005,4.279846
05/08/2020 15:51:58,(157.2, 29.4, -82.4),(-0.2, 0.0, 1.0),41.24064,Terrain_0_0-20200716 - 154804,(-0.1, -0.1, 1.0),(-29.6, 7.5, -48.9),4.256439,4.36734
05/08/2020 15:51:58,(156.7, 29.3, -83.3),(-1.0, 0.0, -0.1),41.79713,Terrain_0_0-20200716 - 154804,(-0.1, -0.1, 1.0),(0.1, 2.2, -43.9),4.378876,4.40715
05/08/2020 15:51:59,(156.8, 29.3, -82.9),(-0.9, 0.0, 0.4),41.50969,Terrain_0_0-20200716 - 154804,(-0.1, -0.1, 1.0),(-30.5, 7.0, -46.7),4.188278,4.5224
05/08/2020 15:51:59,(167.3, 25.9, -106.0),(0.1, 1.0, 0.1),67.21243,Terrain_0_0-20200716 - 154804,(-0.1, -0.1, 1.0),(-30.4, 7.0, -47.6),4.146179,4.233414
05/08/2020 15:51:59,(163.4, 26.0, -100.4),(0.1, 1.0, 0.0),60.57251,Terrain_0_0-20200716 - 154804,(0.0, -0.1, 1.0),(-26.8, 6.0, -47.2),3.741577,4.187531
05/08/2020 15:51:59,(158.4, 26.6, -91.8),(0.1, 1.0, -0.1),50.73304,Terrain_0_0-20200716 - 154804,(0.0, -0.1, 1.0),(-29.9, 6.0, -46.8),2.210632,4.14299
05/08/2020 15:51:59,(141.2, 32.5, -51.7),(-0.2, 1.0, -0.1),6.824556,Terrain_0_0-20200716 - 154804,(0.1, -0.2, 1.0),(-29.5, 5.2, -46.3),-1,3.383896
05/08/2020 15:51:59,(140.4, 32.5, -50.5),(-0.2, 1.0, -0.1),5.528555,Terrain_0_0-20200716 - 154804,(-1.0, -1.0, -1.0),(-1.0, -1.0, -1.0),-1,3.282944
05/08/2020 15:51:59,(139.2, 31.9, -53.7),(-0.2, 1.0, -0.1),8.172126,Terrain_0_0-20200716 - 154804,(-1.0, -1.0, -1.0),(-1.0, -1.0, -1.0),-1,3.993774
05/08/2020 15:51:59,(138.6, 31.8, -53.3),(-0.2, 1.0, -0.1),7.704783,Terrain_0_0-20200716 - 154804,(-0.2, -0.2, 1.0),(2.4, 9.8, -71.5),2.131348,4.207047
05/08/2020 15:51:59,(137.2, 31.6, -54.2),(-0.1, 1.0, -0.1),8.451569,Terrain_0_0-20200716 - 154804,(-0.3, -0.2, 0.9),(-31.4, 3.4, -45.6),-1,4.368164
05/08/2020 15:51:59,(137.5, 31.7, -53.0),(-0.1, 1.0, -0.1),7.298495,Terrain_0_0-20200716 - 154804,(-0.2, -0.2, 1.0),(1.8, 8.4, -68.0),2.616241,4.483673
05/08/2020 15:51:59,(137.2, 31.7, -52.7),(-0.1, 1.0, -0.1),6.911844,Terrain_0_0-20200716 - 154804,(-0.2, -0.2, 1.0),(-31.9, 3.7, -45.5),4.252228,4.346603
05/08/2020 15:51:59,(136.6, 31.5, -54.3),(-0.1, 1.0, -0.1),8.417488,Terrain_0_0-20200716 - 154804,(-0.2, -0.2, 1.0),(-32.0, 4.2, -46.2),2.426056,4.508041
05/08/2020 15:51:59,(136.3, 31.5, -53.7),(-0.1, 1.0, -0.1),7.779146,Terrain_0_0-20200716 - 154804,(-0.2, -0.2, 1.0),(-31.9, 4.4, -46.5),3.932098,4.318069
05/08/2020 15:51:59,(136.1, 31.5, -53.9),(-0.1, 1.0, -0.1),7.928435,Terrain_0_0-20200716 - 154804,(-0.2, -0.1, 1.0),(-31.4, 4.0, -45.8),4.265579,4.356247
05/08/2020 15:51:59,(135.6, 31.5, -53.4),(0.0, 1.0, -0.1),7.408412,Terrain_0_0-20200716 - 154804,(-0.1, -0.1, 1.0),(-31.2, 3.7, -45.3),4.291855,4.470779
05/08/2020 15:51:59,(135.4, 31.5, -53.1),(0.0, 1.0, -0.1),7.092025,Terrain_0_0-20200716 - 154804,(-0.1, -0.1, 1.0),(-31.0, 3.8, -45.7),4.664612,4.364578
05/08/2020 15:51:59,(135.0, 31.5, -53.3),(0.0, 1.0, -0.1),7.261646,Terrain_0_0-20200716 - 154804,(-0.1, -0.1, 1.0),(-30.9, 3.5, -45.1),4.360855,4.266754
05/08/2020 15:51:59,(134.1, 31.6, -51.0),(0.0, 1.0, -0.1),5.071907,Terrain_0_0-20200716 - 154804,(-0.2, -0.2, 1.0),(-31.6, 2.5, -44.4),4.620956,4.611877
05/08/2020 15:51:59,(133.6, 31.7, -49.3),(0.0, 1.0, -0.1),3.539163,Terrain_0_0-20200716 - 154804,(-0.3, -0.3, 0.9),(2.6, 0.0, -42.2),4.388275,4.562912
05/08/2020 15:51:59,(133.0, 31.7, -49.2),(0.0, 1.0, -0.1),3.541801,Terrain_0_0-20200716 - 154804,(-0.3, -0.3, 0.9),(2.4, -0.7, -40.3),4.906372,4.837891
05/08/2020 15:51:59,(132.9, 31.7, -49.7),(0.0, 1.0, -0.1),3.870322,Terrain_0_0-20200716 - 154804,(-0.2, -0.2, 0.9),(-31.9, 2.1, -44.9),4.424789,4.680588
05/08/2020 15:51:59,(132.5, 31.7, -49.7),(0.0, 1.0, -0.1),3.770482,Terrain_0_0-20200716 - 154804,(-0.2, -0.2, 1.0),(-30.0, 1.9, -43.9),4.471024,4.608765
05/08/2020 15:51:59,(132.6, 31.7, -48.7),(0.0, 1.0, -0.1),2.700363,Terrain_0_0-20200716 - 154804,(-0.1, -0.4, 0.9),(37.8, -1.3, -43.5),4.413101,4.799805
05/08/2020 15:51:59,(131.8, 31.6, -50.0),(0.0, 1.0, 0.0),3.85961,Terrain_0_0-20200716 - 154804,(-0.1, -0.2, 1.0),(-30.9, 2.8, -46.0),4.307739,4.503876
05/08/2020 15:51:59,(131.7, 31.6, -50.1),(0.0, 1.0, 0.0),3.83732,Terrain_0_0-20200716 - 154804,(-0.1, -0.2, 1.0),(-31.1, 3.0, -46.2),4.326004,4.578171
05/08/2020 15:51:59,(131.5, 31.6, -50.0),(0.0, 1.0, -0.1),3.66996,Terrain_0_0-20200716 - 154804,(0.0, -0.2, 1.0),(-30.8, 3.0, -47.4),4.272232,4.166336
05/08/2020 15:51:59,(131.1, 31.6, -49.7),(0.0, 1.0, -0.1),3.471261,Terrain_0_0-20200716 - 154804,(-0.1, -0.2, 1.0),(-31.2, 1.6, -45.7),5.145752,4.804291
05/08/2020 15:51:59,(130.4, 31.7, -48.7),(0.0, 1.0, 0.0),2.838741,Terrain_0_0-20200716 - 154804,(-0.3, -0.3, 0.9),(1.8, -0.2, -43.2),4.418793,5.270111
05/08/2020 15:51:59,(130.2, 31.7, -48.4),(0.0, 1.0, 0.0),2.644604,Terrain_0_0-20200716 - 154804,(-0.3, -0.4, 0.9),(1.9, 7.6, -65.8),4.858002,2.79158
05/08/2020 15:51:59,(129.4, 31.7, -48.1),(0.0, 1.0, 0.0),2.881026,Terrain_0_0-20200716 - 154804,(-0.5, -0.4, 0.8),(36.2, -2.9, -34.8),5.101242,-1
05/08/2020 15:51:59,(129.7, 31.7, -48.2),(0.0, 1.0, 0.0),2.546722,Terrain_0_0-20200716 - 154804,(-0.4, -0.4, 0.8),(35.8, 0.0, -44.4),4.681732,-1
05/08/2020 15:51:59,(129.3, 31.7, -48.5),(0.0, 1.0, 0.0),2.73046,Terrain_0_0-20200716 - 154804,(-0.3, -0.3, 0.9),(-1.7, -2.1, -40.6),4.844009,5.112549
05/08/2020 15:51:59,(129.5, 31.7, -48.2),(0.0, 1.0, 0.0),2.332558,Terrain_0_0-20200716 - 154804,(-0.2, -0.4, 0.9),(-11.7, 7.5, -66.7),4.604919,3.669846
05/08/2020 15:51:59,(128.9, 31.6, -48.6),(0.0, 1.0, 0.0),2.691102,Terrain_0_0-20200716 - 154804,(-0.2, -0.3, 0.9),(2.6, -0.4, -40.0),4.698441,4.965897
05/08/2020 15:51:59,(128.5, 31.6, -48.9),(0.0, 1.0, 0.0),2.756804,Terrain_0_0-20200716 - 154804,(0.0, -0.2, 1.0),(3.5, 0.0, -40.5),4.611023,4.494324
05/08/2020 15:51:59,(127.6, 31.6, -48.8),(-0.1, 1.0, 0.0),2.971552,Terrain_0_0-20200716 - 154804,(-0.1, -0.2, 1.0),(-31.6, 3.1, -45.3),4.65947,4.603271
05/08/2020 15:51:59,(126.7, 31.5, -48.7),(-0.1, 1.0, 0.0),3.200423,Terrain_0_0-20200716 - 154804,(-0.1, -0.1, 1.0),(-0.1, 1.1, -41.6),4.692078,4.833038
05/08/2020 15:51:59,(125.8, 31.4, -49.1),(-0.1, 1.0, 0.0),3.647122,Terrain_0_0-20200716 - 154804,(0.0, -0.1, 1.0),(4.3, -0.5, -40.2),5.07103,4.468262
05/08/2020 15:51:59,(125.4, 31.4, -48.8),(-0.1, 1.0, 0.0),3.376013,Terrain_0_0-20200716 - 154804,(0.0, -0.1, 1.0),(-9.5, -0.2, -40.9),5.214935,4.687271
05/08/2020 15:52:00,(125.5, 31.4, -47.5),(-0.1, 1.0, 0.1),2.833604,Terrain_0_0-20200716 - 154804,(-0.3, -0.3, 0.9),(2.3, -2.0, -39.0),4.615448,5.209183
05/08/2020 15:52:00,(124.9, 31.3, -47.8),(-0.1, 1.0, 0.1),2.89337,Terrain_0_0-20200716 - 154804,(-0.2, -0.3, 0.9),(2.5, -2.0, -38.7),4.962112,5.412323
05/08/2020 15:52:00,(124.9, 31.4, -48.2),(-0.1, 1.0, 0.0),2.412873,Terrain_0_0-20200716 - 154804,(-0.1, -0.3, 0.9),(25.6, -1.1, -38.7),4.008682,4.943405
05/08/2020 15:52:00,(123.2, 31.1, -48.5),(-0.2, 1.0, 0.0),3.452231,Terrain_0_0-20200716 - 154804,(0.0, -0.1, 1.0),(3.9, -0.1, -40.9),5.185181,4.46283
05/08/2020 15:52:00,(123.0, 31.1, -48.9),(-0.2, 1.0, 0.0),3.151518,Terrain_0_0-20200716 - 154804,(0.1, -0.1, 1.0),(35.0, -1.3, -38.0),4.938324,4.537003
05/08/2020 15:52:00,(122.3, 31.0, -48.9),(-0.2, 1.0, 0.0),3.460456,Terrain_0_0-20200716 - 154804,(0.1, -0.1, 1.0),(-30.8, 1.7, -43.5),4.752258,4.589737
05/08/2020 15:52:00,(122.0, 30.9, -48.7),(-0.2, 1.0, 0.0),3.226221,Terrain_0_0-20200716 - 154804,(0.0, -0.2, 1.0),(-27.0, 1.4, -43.3),5.380844,4.636429
05/08/2020 15:52:00,(121.7, 30.9, -48.8),(-0.2, 1.0, 0.0),2.987358,Terrain_0_0-20200716 - 154804,(0.0, -0.2, 1.0),(3.2, -0.5, -40.4),4.336761,4.803467
05/08/2020 15:52:00,(120.6, 30.7, -48.9),(-0.2, 1.0, 0.0),3.550787,Terrain_0_0-20200716 - 154804,(0.0, -0.1, 1.0),(-31.8, 1.1, -42.9),5.351883,4.737137
05/08/2020 15:52:00,(120.3, 30.6, -49.1),(-0.2, 1.0, 0.0),3.464077,Terrain_0_0-20200716 - 154804,(0.0, -0.2, 1.0),(-31.8, 0.4, -43.1),5.013596,4.855835
05/08/2020 15:52:00,(120.8, 30.7, -49.1),(-0.2, 1.0, 0.0),2.599262,Terrain_0_0-20200716 - 154804,(0.0, -0.3, 1.0),(3.1, -2.2, -39.5),4.777451,4.898621
05/08/2020 15:52:00,(119.4, 30.4, -49.7),(-0.3, 1.0, 0.0),3.41301,Terrain_0_0-20200716 - 154804,(0.0, -0.2, 1.0),(17.9, -2.9, -38.5),5.156464,4.640305
05/08/2020 15:52:00,(118.0, 30.1, -50.0),(-0.2, 1.0, 0.0),4.436856,Terrain_0_0-20200716 - 154804,(0.0, -0.1, 1.0),(-31.3, 0.4, -43.6),5.204498,4.800522
05/08/2020 15:52:00,(117.1, 29.9, -50.4),(-0.3, 1.0, 0.1),4.903366,Terrain_0_0-20200716 - 154804,(0.0, -0.1, 1.0),(-11.4, 0.4, -42.6),5.391479,4.576843
05/08/2020 15:52:00,(116.3, 29.7, -50.7),(-0.3, 1.0, 0.1),5.206107,Terrain_0_0-20200716 - 154804,(0.0, -0.1, 1.0),(-30.8, 2.3, -44.8),5.046997,4.491837
05/08/2020 15:52:00,(113.1, 29.0, -52.2),(-0.2, 1.0, 0.0),8.009855,Terrain_0_0-20200716 - 154804,(0.0, 0.0, 1.0),(38.1, -2.2, -35.9),4.971802,4.113693
05/08/2020 15:52:00,(112.0, 28.9, -53.1),(-0.2, 1.0, 0.0),8.823878,Terrain_0_0-20200716 - 154804,(0.0, 0.0, 1.0),(-30.7, 4.9, -52.0),4.854736,4.102875
05/08/2020 15:52:00,(114.6, 29.4, -52.1),(-0.2, 1.0, 0.0),5.541641,Terrain_0_0-20200716 - 154804,(0.0, -0.2, 1.0),(-31.2, 8.4, -62.7),4.44017,3.483994
05/08/2020 15:52:00,(114.5, 29.4, -52.9),(-0.2, 1.0, 0.0),5.392074,Terrain_0_0-20200716 - 154804,(0.1, -0.2, 1.0),(4.7, 1.6, -44.2),4.688202,4.451065
05/08/2020 15:52:00,(114.5, 29.3, -52.7),(-0.2, 1.0, 0.0),5.314775,Terrain_0_0-20200716 - 154804,(0.1, -0.1, 1.0),(6.3, 0.4, -41.8),4.738831,4.565536
05/08/2020 15:52:00,(114.5, 29.3, -53.2),(-0.2, 1.0, 0.0),5.012674,Terrain_0_0-20200716 - 154804,(0.1, -0.2, 1.0),(-30.1, 3.8, -45.9),4.827942,4.388031
05/08/2020 15:52:00,(113.5, 29.2, -53.6),(-0.2, 1.0, 0.0),5.439807,Terrain_0_0-20200716 - 154804,(0.1, -0.1, 1.0),(-30.8, 4.2, -46.0),5.09494,4.341965
05/08/2020 15:52:01,(110.9, 28.8, -54.8),(-0.1, 1.0, 0.0),7.046905,Terrain_0_0-20200716 - 154804,(0.0, -0.1, 1.0),(5.2, 1.2, -41.3),3.620041,4.299728
05/08/2020 15:52:01,(110.6, 28.8, -55.8),(-0.1, 1.0, 0.0),7.471177,Terrain_0_0-20200716 - 154804,(0.1, -0.1, 1.0),(4.6, 1.9, -42.6),5.451065,4.380035
05/08/2020 15:52:01,(111.4, 28.8, -54.6),(-0.1, 1.0, 0.0),5.661293,Terrain_0_0-20200716 - 154804,(0.1, -0.1, 1.0),(-29.6, 3.9, -45.7),5.109818,4.307388
05/08/2020 15:52:01,(107.2, 28.4, -58.1),(0.0, 1.0, 0.0),10.41398,Terrain_0_0-20200716 - 154804,(0.1, 0.0, 1.0),(31.7, -1.0, -39.4),5.434341,4.065613
05/08/2020 15:52:01,(109.5, 28.6, -54.8),(-0.1, 1.0, 0.0),5.953178,Terrain_0_0-20200716 - 154804,(0.0, -0.1, 1.0),(-31.2, 4.0, -45.9),4.979965,4.232162
05/08/2020 15:52:01,(108.0, 28.5, -55.2),(-0.1, 1.0, 0.0),6.78536,Terrain_0_0-20200716 - 154804,(0.0, -0.1, 1.0),(32.5, -0.3, -37.5),4.516891,4.452545
05/08/2020 15:52:01,(109.4, 28.6, -54.1),(-0.1, 1.0, 0.0),4.397374,Terrain_0_0-20200716 - 154804,(0.0, -0.2, 1.0),(3.7, -0.3, -40.4),4.932617,4.620712
05/08/2020 15:52:01,(109.1, 28.5, -54.0),(-0.1, 1.0, 0.0),4.035645,Terrain_0_0-20200716 - 154804,(0.1, -0.2, 1.0),(-28.8, 3.0, -45.1),5.341187,4.445267
05/08/2020 15:52:01,(108.5, 28.5, -54.0),(-0.1, 1.0, 0.0),4.071918,Terrain_0_0-20200716 - 154804,(0.0, -0.2, 1.0),(-29.0, 3.5, -46.1),5.202042,4.417633
05/08/2020 15:52:01,(108.1, 28.4, -53.8),(-0.1, 1.0, 0.0),3.669211,Terrain_0_0-20200716 - 154804,(0.0, -0.2, 1.0),(-31.9, 3.8, -46.2),4.164581,4.562103
05/08/2020 15:52:01,(106.9, 28.3, -53.7),(0.0, 1.0, 0.0),3.54257,Terrain_0_0-20200716 - 154804,(-0.1, -0.2, 1.0),(3.0, 0.7, -44.6),4.804565,4.766647
05/08/2020 15:52:01,(107.4, 28.4, -53.5),(0.0, 1.0, 0.0),3.115357,Terrain_0_0-20200716 - 154804,(0.0, -0.2, 1.0),(3.0, -0.2, -41.3),4.897583,4.698547
05/08/2020 15:52:01,(106.5, 28.3, -53.9),(0.0, 1.0, 0.0),3.516,Terrain_0_0-20200716 - 154804,(0.0, -0.2, 1.0),(-15.0, 1.1, -43.4),5.006577,4.72023
05/08/2020 15:52:01,(105.7, 28.3, -54.0),(-0.1, 1.0, 0.1),3.599468,Terrain_0_0-20200716 - 154804,(0.0, -0.2, 1.0),(-31.7, 2.5, -45.0),4.537674,4.850113
05/08/2020 15:52:01,(104.9, 28.3, -54.1),(-0.1, 1.0, 0.1),3.6534,Terrain_0_0-20200716 - 154804,(0.0, -0.2, 1.0),(-31.6, 1.9, -44.7),4.278915,4.787308
05/08/2020 15:52:01,(104.2, 28.2, -54.2),(-0.1, 1.0, 0.1),3.687173,Terrain_0_0-20200716 - 154804,(0.0, -0.2, 1.0),(-31.5, 1.2, -44.2),4.724182,4.757904
05/08/2020 15:52:01,(103.5, 28.2, -54.5),(0.0, 1.0, 0.1),3.700854,Terrain_0_0-20200716 - 154804,(0.0, -0.2, 1.0),(-30.9, 1.2, -44.0),4.469162,4.779907
05/08/2020 15:52:01,(101.8, 28.2, -55.1),(0.0, 1.0, 0.1),4.678921,Terrain_0_0-20200716 - 154804,(0.0, -0.1, 1.0),(14.0, -1.8, -41.4),4.757492,4.659714
05/08/2020 15:52:02,(100.1, 28.3, -56.6),(0.0, 1.0, 0.1),6.290163,Terrain_0_0-20200716 - 154804,(0.0, -0.1, 1.0),(0.2, -1.3, -41.5),5.063583,4.945053
05/08/2020 15:52:02,(99.4, 28.2, -55.8),(-0.1, 1.0, 0.1),5.853719,Terrain_0_0-20200716 - 154804,(-0.1, -0.1, 1.0),(36.8, -4.5, -41.0),4.476013,5.257309
05/08/2020 15:52:02,(60.1, 29.7, -74.1),(1.0, 0.0, -0.3),42.16482,Terrain_0_0-20200716 - 154804,(-0.1, -0.6, 0.8),(-34.1, -1.3, -40.6),4.038361,4.697311
05/08/2020 15:52:02,(60.0, 29.9, -73.5),(0.8, 0.2, 0.5),39.85366,Terrain_0_0-20200716 - 154804,(-1.0, -1.0, -1.0),(-1.0, -1.0, -1.0),-1,2.002914
05/08/2020 15:52:02,(60.1, 24.7, -74.1),(1.0, 0.0, -0.2),39.80603,Terrain_0_0-20200716 - 154804,(0.1, -0.4, 0.9),(1.9, 0.4, -40.7),4.181778,4.365631
05/08/2020 15:52:03,(86.4, 27.2, -54.5),(0.0, 1.0, 0.2),5.74072,Terrain_0_0-20200716 - 154804,(0.0, 0.0, 1.0),(-30.8, 9.0, -54.9),4.258942,4.13472
05/08/2020 15:52:03,(86.5, 27.0, -53.7),(0.0, 1.0, 0.2),5.136359,Terrain_0_0-20200716 - 154804,(-0.3, -0.2, 0.9),(35.9, 2.5, -41.3),4.147491,4.230392
05/08/2020 15:52:03,(84.4, 26.9, -53.2),(0.0, 1.0, 0.2),6.468282,Terrain_0_0-20200716 - 154804,(-0.1, -0.1, 1.0),(-0.5, 5.2, -41.8),4.483276,4.881027
05/08/2020 15:52:03,(75.7, 27.7, -54.3),(1.0, 0.0, 0.1),14.39598,Terrain_0_0-20200716 - 154804,(-0.1, 0.0, 1.0),(-31.7, 11.4, -59.0),4.453125,4.169785
05/08/2020 15:52:03,(65.2, 25.2, -44.2),(-0.1, 1.0, -0.1),24.82974,Terrain_0_0-20200716 - 154804,(-0.3, -0.3, 0.9),(36.4, 0.5, -38.6),4.612427,4.689056
05/08/2020 15:52:03,(60.0, 24.7, -43.6),(-0.1, 1.0, -0.1),29.35003,Terrain_0_0-20200716 - 154804,(-0.2, -0.3, 0.9),(18.9, 1.5, -39.9),4.74086,4.729568
05/08/2020 15:52:03,(70.1, 25.5, -46.5),(-0.1, 1.0, 0.0),18.22649,Terrain_0_0-20200716 - 154804,(-0.1, -0.3, 1.0),(-33.5, 4.8, -43.3),4.580276,4.727997
05/08/2020 15:52:03,(66.6, 25.7, -41.1),(-0.1, 1.0, -0.1),21.94168,Terrain_0_0-20200716 - 154804,(-0.2, -0.3, 0.9),(23.9, 5.1, -43.8),4.339096,4.999329
05/08/2020 15:52:03,(63.0, 25.5, -39.4),(-0.1, 1.0, -0.2),25.37087,Terrain_0_0-20200716 - 154804,(-0.1, -0.3, 0.9),(16.7, 5.1, -42.7),4.487961,5.024979
05/08/2020 15:52:03,(3.7, 20.9, -4.1),(-0.1, 0.9, -0.3),94.02813,Terrain_0_0-20200716 - 154804,(-0.1, -0.3, 0.9),(-28.4, 5.1, -41.6),4.427048,4.864532
05/08/2020 15:52:03,(68.2, 25.7, -42.4),(-0.1, 1.0, -0.1),18.32849,Terrain_0_0-20200716 - 154804,(-0.1, -0.3, 0.9),(22.0, 5.0, -41.6),4.428635,5.032761
05/08/2020 15:52:03,(63.7, 25.5, -39.7),(-0.1, 1.0, -0.2),22.9315,Terrain_0_0-20200716 - 154804,(-0.1, -0.3, 0.9),(-14.9, 5.2, -41.3),4.453812,5.052124
05/08/2020 15:52:03,(68.3, 25.7, -42.6),(-0.1, 1.0, -0.1),16.79419,Terrain_0_0-20200716 - 154804,(0.0, -0.3, 0.9),(4.3, 5.3, -41.6),4.524734,4.905151
05/08/2020 15:52:03,(68.8, 25.7, -42.9),(-0.1, 1.0, -0.1),15.64775,Terrain_0_0-20200716 - 154804,(0.0, -0.4, 0.9),(24.6, 4.7, -40.9),4.669449,4.809387
05/08/2020 15:52:04,(69.2, 25.5, -44.3),(0.0, 1.0, -0.1),13.9297,Terrain_0_0-20200716 - 154804,(0.0, -0.4, 0.9),(34.2, 3.5, -42.2),4.420853,5.322403
05/08/2020 15:52:04,(61.6, 25.4, -39.1),(-0.1, 1.0, -0.2),22.01846,Terrain_0_0-20200716 - 154804,(0.0, -0.3, 1.0),(-33.0, 7.3, -39.4),4.607819,5.200119
05/08/2020 15:52:04,(66.8, 25.6, -42.3),(-0.1, 1.0, -0.1),15.21955,Terrain_0_0-20200716 - 154804,(0.0, -0.3, 1.0),(-21.1, 6.8, -39.3),4.471771,5.426071
05/08/2020 15:52:04,(69.4, 25.6, -43.7),(0.0, 1.0, -0.1),11.54681,Terrain_0_0-20200716 - 154804,(0.0, -0.3, 1.0),(35.1, 5.6, -40.9),4.565964,5.315964
05/08/2020 15:52:04,(73.0, 25.7, -44.6),(0.0, 1.0, 0.0),7.563115,Terrain_0_0-20200716 - 154804,(-0.1, -0.3, 0.9),(-35.5, 7.6, -38.4),4.584213,5.29689
05/08/2020 15:52:04,(74.6, 25.8, -45.9),(-0.1, 1.0, 0.0),4.870648,Terrain_0_0-20200716 - 154804,(-0.2, -0.4, 0.9),(34.2, 6.3, -42.9),4.509094,5.638519
05/08/2020 15:52:04,(73.9, 25.8, -45.6),(-0.1, 1.0, 0.0),4.783341,Terrain_0_0-20200716 - 154804,(-0.1, -0.4, 0.9),(35.0, 6.5, -40.9),4.618179,5.686157
05/08/2020 15:52:04,(73.0, 25.7, -45.3),(-0.1, 1.0, 0.0),4.855772,Terrain_0_0-20200716 - 154804,(-0.1, -0.3, 0.9),(35.6, 7.2, -39.9),4.689056,5.260406
05/08/2020 15:52:04,(58.5, 27.1, -30.9),(-0.3, 0.9, -0.4),24.14143,Terrain_0_0-20200716 - 154804,(0.1, 0.1, 1.0),(35.7, 13.1, -56.7),4.416931,-1
05/08/2020 15:52:04,(32.2, 30.7, -4.8),(0.2, 0.0, -1.0),60.55747,_Sp_Tree,(0.1, 0.1, 1.0),(35.7, 13.0, -54.8),4.56308,-1
05/08/2020 15:52:04,(47.4, 28.7, -18.9),(-0.3, 0.8, -0.5),39.06861,Terrain_0_0-20200716 - 154804,(0.1, 0.1, 1.0),(35.3, 13.4, -57.5),4.485229,-1
05/08/2020 15:52:04,(70.5, 25.6, -44.7),(0.0, 1.0, 0.0),4.061643,Terrain_0_0-20200716 - 154804,(-0.1, -0.4, 0.9),(36.9, 9.5, -33.1),5.363297,-1
05/08/2020 15:52:04,(69.5, 25.6, -44.2),(0.0, 1.0, -0.1),4.324338,Terrain_0_0-20200716 - 154804,(-0.1, -0.4, 0.9),(36.7, 9.5, -35.1),5.261185,-1
05/08/2020 15:52:04,(68.8, 25.5, -44.1),(0.0, 1.0, -0.1),4.111654,Terrain_0_0-20200716 - 154804,(-0.1, -0.4, 0.9),(36.6, 9.5, -34.6),5.272705,4.723312
05/08/2020 15:52:04,(68.5, 25.5, -44.3),(0.0, 1.0, -0.1),3.489385,Terrain_0_0-20200716 - 154804,(-0.2, -0.5, 0.8),(35.0, 9.9, -36.2),4.886398,4.769562
05/08/2020 15:52:05,(67.7, 25.5, -44.4),(-0.1, 1.0, -0.1),3.218593,Terrain_0_0-20200716 - 154804,(0.0, 0.0, 1.0),(-34.6, 13.6, -43.1),3.950714,4.531082
05/08/2020 15:52:07,(40.0, 22.0, -35.5),(-0.1, 1.0, 0.0),3.567538,Terrain_0_0-20200716 - 154804,(0.6, -0.1, 0.8),(-29.0, 12.1, -48.5),-1,4.724319
05/08/2020 15:52:07,(39.4, 21.9, -35.7),(-0.1, 1.0, 0.0),3.767892,Terrain_0_0-20200716 - 154804,(0.7, -0.2, 0.6),(-31.4, 7.9, -34.8),-1,5.277603
05/08/2020 15:52:07,(35.2, 21.3, -28.9),(-0.1, 1.0, 0.0),4.208266,Terrain_0_0-20200716 - 154804,(-0.2, 0.1, 1.0),(34.3, -1.7, -46.8),4.41539,-1
05/08/2020 15:52:07,(35.9, 21.4, -29.4),(-0.1, 1.0, 0.0),2.41717,Terrain_0_0-20200716 - 154804,(-0.1, -0.2, 1.0),(0.6, 4.4, -43.5),3.960373,4.720291
05/08/2020 15:52:07,(34.3, 21.2, -28.2),(-0.1, 1.0, 0.0),3.079685,Terrain_0_0-20200716 - 154804,(-1.0, -1.0, -1.0),(-1.0, -1.0, -1.0),-1,3.81662
05/08/2020 15:52:07,(32.2, 21.1, -26.7),(-0.2, 1.0, 0.0),2.97848,Terrain_0_0-20200716 - 154804,(-1.0, -1.0, -1.0),(-1.0, -1.0, -1.0),-1,4.674301
05/08/2020 15:52:07,(31.2, 20.9, -26.5),(-0.2, 1.0, 0.0),2.266214,Terrain_0_0-20200716 - 154804,(-0.2, -0.1, 1.0),(0.4, 4.9, -48.0),4.359406,4.49321
05/08/2020 15:52:07,(30.9, 20.9, -26.1),(-0.2, 1.0, 0.0),1.835669,Terrain_0_0-20200716 - 154804,(-0.3, -0.3, 0.9),(-30.8, 6.5, -43.5),4.316681,4.922485
05/08/2020 15:52:07,(28.3, 20.4, -23.7),(-0.2, 1.0, -0.2),3.011903,Terrain_0_0-20200716 - 154804,(-0.3, -0.2, 0.9),(34.7, 1.3, -40.3),4.610977,-1
05/08/2020 15:52:07,(26.2, 20.3, -21.2),(-0.3, 1.0, -0.1),5.13975,Terrain_0_0-20200716 - 154804,(-0.2, 0.0, 1.0),(-32.4, 1.5, -40.9),4.938766,5.024323
05/08/2020 15:52:07,(26.6, 20.2, -22.9),(-0.2, 1.0, -0.1),2.610273,Terrain_0_0-20200716 - 154804,(-0.2, -0.4, 0.9),(-33.3, 5.8, -46.8),5.077805,4.680023
05/08/2020 15:52:08,(25.7, 20.0, -22.3),(-0.2, 1.0, -0.1),2.767421,Terrain_0_0-20200716 - 154804,(-0.1, -0.4, 0.9),(-32.3, 5.4, -45.9),4.727173,4.673218
05/08/2020 15:52:08,(24.9, 19.9, -21.6),(-0.2, 1.0, -0.1),3.017931,Terrain_0_0-20200716 - 154804,(-0.1, -0.4, 0.9),(-28.0, 4.7, -45.5),4.698517,4.634903
05/08/2020 15:52:08,(24.4, 19.8, -21.5),(-0.3, 1.0, -0.1),2.912042,Terrain_0_0-20200716 - 154804,(0.0, -0.4, 0.9),(-31.7, 4.7, -45.8),4.791824,4.679749
05/08/2020 15:52:08,(22.6, 20.2, -17.5),(-0.2, 0.9, -0.3),6.465892,Terrain_0_0-20200716 - 154804,(0.0, -0.1, 1.0),(-31.4, 1.2, -41.8),5.184723,4.813995
05/08/2020 15:52:08,(23.5, 19.6, -21.1),(-0.2, 1.0, -0.1),2.788612,Terrain_0_0-20200716 - 154804,(0.1, -0.5, 0.9),(-31.5, 4.7, -46.6),4.76857,4.552338
05/08/2020 15:52:08,(23.8, 19.8, -19.7),(-0.2, 0.9, -0.3),3.54793,Terrain_0_0-20200716 - 154804,(-0.2, -0.3, 0.9),(1.9, 1.5, -41.4),4.917755,4.785919
05/08/2020 15:52:08,(24.8, 20.5, -18.3),(-0.3, 0.9, -0.3),4.710133,Terrain_0_0-20200716 - 154804,(-0.4, 0.0, 0.9),(35.8, -0.7, -38.7),4.925232,-1
05/08/2020 15:52:08,(23.9, 20.0, -19.3),(-0.2, 0.9, -0.3),3.508969,Terrain_0_0-20200716 - 154804,(-0.3, -0.2, 0.9),(10.2, 1.3, -41.1),4.919861,4.855591
05/08/2020 15:52:08,(23.2, 19.8, -19.3),(-0.2, 0.9, -0.3),3.266133,Terrain_0_0-20200716 - 154804,(-0.1, -0.2, 1.0),(2.3, -0.4, -34.7),4.978882,5.2724
05/08/2020 15:52:08,(22.4, 19.6, -19.4),(-0.2, 0.9, -0.2),2.915953,Terrain_0_0-20200716 - 154804,(0.0, -0.3, 1.0),(3.1, 0.3, -36.4),4.663986,5.108231
05/08/2020 15:52:08,(22.7, 20.4, -16.7),(-0.3, 0.9, -0.2),5.27896,Terrain_0_0-20200716 - 154804,(0.0, 0.1, 1.0),(4.6, -0.9, -38.2),5.401459,4.653488
05/08/2020 15:52:08,(21.5, 19.5, -19.0),(-0.2, 0.9, -0.3),2.805896,Terrain_0_0-20200716 - 154804,(0.1, -0.2, 1.0),(-30.3, 6.0, -53.4),5.200378,4.130295
05/08/2020 15:52:08,(21.8, 19.5, -19.3),(-0.2, 0.9, -0.3),2.606751,Terrain_0_0-20200716 - 154804,(-0.2, -0.2, 1.0),(3.5, -0.8, -37.7),4.802917,4.935608
05/08/2020 15:52:08,(21.4, 19.4, -19.3),(-0.2, 0.9, -0.3),2.424739,Terrain_0_0-20200716 - 154804,(-0.2, -0.2, 1.0),(3.5, -0.7, -37.8),4.838211,4.832123
05/08/2020 15:52:08,(20.7, 19.3, -19.2),(-0.2, 0.9, -0.2),2.216843,Terrain_0_0-20200716 - 154804,(-0.1, -0.2, 1.0),(-29.3, 1.5, -41.4),4.70784,4.785294
05/08/2020 15:52:08,(19.9, 19.1, -19.2),(-0.1, 1.0, -0.2),2.029457,Terrain_0_0-20200716 - 154804,(0.0, -0.2, 1.0),(-30.9, 9.2, -63.5),4.794495,3.801956
05/08/2020 15:52:08,(19.9, 19.2, -18.7),(-0.1, 1.0, -0.2),2.364685,Terrain_0_0-20200716 - 154804,(-0.1, 0.0, 1.0),(-21.4, 0.1, -38.3),4.858612,4.85788
05/08/2020 15:52:08,(19.3, 19.1, -18.9),(-0.1, 1.0, -0.2),1.980166,Terrain_0_0-20200716 - 154804,(-0.1, -0.1, 1.0),(17.3, -2.2, -35.9),4.961578,4.967529
05/08/2020 15:52:08,(18.8, 19.0, -18.9),(-0.2, 1.0, -0.2),1.850002,Terrain_0_0-20200716 - 154804,(0.0, -0.2, 1.0),(4.5, -1.7, -37.8),4.951569,4.848953
05/08/2020 15:52:08,(18.6, 19.0, -18.7),(-0.2, 1.0, -0.2),1.878647,Terrain_0_0-20200716 - 154804,(0.0, -0.1, 1.0),(4.8, -2.1, -36.8),4.874146,4.898773
05/08/2020 15:52:08,(18.2, 19.0, -18.6),(-0.2, 1.0, -0.2),1.889372,Terrain_0_0-20200716 - 154804,(0.0, -0.1, 1.0),(-9.6, -1.1, -37.2),5.313187,4.803513
05/08/2020 15:52:08,(18.4, 19.1, -18.3),(-0.2, 1.0, -0.2),2.148019,Terrain_0_0-20200716 - 154804,(0.0, 0.0, 1.0),(8.5, -2.3, -34.5),5.543747,4.889008
05/08/2020 15:52:08,(17.8, 18.9, -18.5),(-0.1, 1.0, -0.2),1.854671,Terrain_0_0-20200716 - 154804,(0.0, -0.1, 1.0),(-29.8, 0.3, -38.5),5.364441,4.772888
05/08/2020 15:52:08,(17.5, 18.9, -18.3),(-0.2, 1.0, -0.1),1.867478,Terrain_0_0-20200716 - 154804,(0.0, -0.1, 1.0),(-29.7, 0.4, -38.6),5.171432,4.749603
05/08/2020 15:52:08,(17.3, 18.9, -18.2),(-0.2, 1.0, -0.1),1.92911,Terrain_0_0-20200716 - 154804,(0.0, 0.0, 1.0),(-29.1, 0.5, -38.7),5.048096,4.870148
05/08/2020 15:52:08,(17.4, 19.0, -17.7),(-0.2, 1.0, -0.2),2.317201,Terrain_0_0-20200716 - 154804,(-0.1, 0.1, 1.0),(38.9, -3.0, -34.4),5.189102,4.841583
05/08/2020 15:52:08,(17.1, 18.9, -17.7),(-0.2, 1.0, -0.2),2.22501,Terrain_0_0-20200716 - 154804,(0.0, 0.1, 1.0),(41.0, -4.3, -32.9),5.223038,5.072235
05/08/2020 15:52:08,(16.5, 18.8, -18.0),(-0.2, 1.0, -0.2),1.852714,Terrain_0_0-20200716 - 154804,(0.1, -0.1, 1.0),(6.2, -1.7, -37.2),5.117035,5.061264
05/08/2020 15:52:08,(16.0, 18.7, -18.0),(-0.2, 1.0, -0.1),1.812881,Terrain_0_0-20200716 - 154804,(0.2, -0.1, 1.0),(-28.1, -0.5, -38.0),5.359299,5.012268
05/08/2020 15:52:08,(15.7, 18.7, -17.8),(-0.1, 1.0, -0.1),1.860885,Terrain_0_0-20200716 - 154804,(0.2, -0.1, 1.0),(-28.7, -0.3, -38.2),4.85878,5.008102
05/08/2020 15:52:08,(15.5, 18.6, -17.7),(-0.1, 1.0, -0.1),1.847234,Terrain_0_0-20200716 - 154804,(0.2, -0.1, 1.0),(-28.9, -0.3, -37.8),5.276596,4.974838
05/08/2020 15:52:08,(15.3, 18.6, -17.6),(-0.1, 1.0, -0.1),1.858847,Terrain_0_0-20200716 - 154804,(0.2, -0.1, 1.0),(-29.0, -0.3, -37.6),5.393066,5.036301
05/08/2020 15:52:08,(15.1, 18.6, -17.5),(-0.1, 1.0, -0.1),1.886284,Terrain_0_0-20200716 - 154804,(0.1, 0.0, 1.0),(-29.1, -0.3, -37.5),5.133896,4.988373
05/08/2020 15:52:08,(14.9, 18.6, -17.4),(-0.1, 1.0, -0.1),1.907086,Terrain_0_0-20200716 - 154804,(0.1, 0.0, 1.0),(-29.1, -0.2, -37.6),5.396011,4.991699
05/08/2020 15:52:08,(14.7, 18.6, -17.3),(-0.1, 1.0, -0.1),1.914382,Terrain_0_0-20200716 - 154804,(0.1, 0.0, 1.0),(-27.3, -0.1, -37.7),5.332245,4.999054
05/08/2020 15:52:08,(14.5, 18.6, -17.2),(-0.2, 1.0, -0.1),1.977538,Terrain_0_0-20200716 - 154804,(0.1, 0.0, 1.0),(-27.5, 0.1, -38.0),4.955261,4.788773
05/08/2020 15:52:08,(14.2, 18.5, -17.1),(-0.2, 1.0, -0.1),1.994168,Terrain_0_0-20200716 - 154804,(0.1, 0.0, 1.0),(-27.6, 0.0, -37.9),5.082214,4.921768
05/08/2020 15:52:09,(13.9, 18.5, -17.0),(-0.1, 1.0, -0.1),1.984909,Terrain_0_0-20200716 - 154804,(0.1, 0.0, 1.0),(-28.7, 0.1, -38.2),5.293365,4.718124
05/08/2020 15:52:09,(13.8, 18.5, -17.0),(-0.1, 1.0, -0.1),1.984344,Terrain_0_0-20200716 - 154804,(0.0, 0.0, 1.0),(-28.7, 0.4, -38.7),5.08403,5.012207
05/08/2020 15:52:09,(13.5, 18.5, -16.8),(-0.1, 1.0, -0.1),2.065119,Terrain_0_0-20200716 - 154804,(0.0, 0.0, 1.0),(-27.9, 0.4, -38.7),5.112671,4.910812
05/08/2020 15:52:09,(12.9, 18.4, -16.0),(-0.2, 1.0, -0.1),2.77492,Terrain_0_0-20200716 - 154804,(0.1, 0.1, 1.0),(6.4, -0.5, -37.6),5.541824,5.079651
05/08/2020 15:52:09,(12.3, 18.3, -16.2),(-0.2, 1.0, -0.1),2.619297,Terrain_0_0-20200716 - 154804,(0.2, 0.0, 1.0),(-28.8, 0.5, -37.9),5.489548,4.945969
05/08/2020 15:52:09,(11.7, 18.3, -15.9),(-0.1, 0.9, -0.3),2.826574,Terrain_0_0-20200716 - 154804,(0.2, 0.0, 1.0),(-28.9, 0.5, -38.1),5.588837,4.911713
05/08/2020 15:52:09,(11.5, 18.3, -15.8),(-0.1, 0.9, -0.3),2.895899,Terrain_0_0-20200716 - 154804,(0.1, 0.0, 1.0),(-28.8, 0.5, -38.2),5.339371,4.771942
05/08/2020 15:52:09,(11.2, 18.3, -15.7),(-0.1, 0.9, -0.3),2.957449,Terrain_0_0-20200716 - 154804,(0.1, 0.0, 1.0),(-29.0, 0.4, -37.9),5.512817,4.867966
05/08/2020 15:52:09,(11.0, 18.3, -15.6),(-0.1, 0.9, -0.3),3.013479,Terrain_0_0-20200716 - 154804,(0.1, 0.0, 1.0),(-29.4, 0.4, -38.5),5.359085,4.830109
05/08/2020 15:52:09,(10.8, 18.3, -15.5),(-0.1, 0.9, -0.3),3.021862,Terrain_0_0-20200716 - 154804,(0.1, 0.0, 1.0),(-23.5, -0.2, -37.8),5.356812,4.781113
05/08/2020 15:52:09,(10.6, 18.4, -15.1),(-0.2, 0.9, -0.3),3.245414,Terrain_0_0-20200716 - 154804,(0.0, 0.1, 1.0),(19.7, -2.4, -34.9),5.284225,4.909088
05/08/2020 15:52:09,(10.3, 18.2, -15.4),(-0.2, 0.9, -0.3),3.025697,Terrain_0_0-20200716 - 154804,(0.0, 0.0, 1.0),(-16.4, -0.6, -37.8),5.061707,4.987579
05/08/2020 15:52:09,(9.9, 18.2, -15.2),(-0.1, 1.0, -0.3),3.215163,Terrain_0_0-20200716 - 154804,(0.0, 0.0, 1.0),(-28.6, 0.2, -38.5),5.283936,4.824432
05/08/2020 15:52:09,(9.4, 18.4, -14.5),(-0.2, 1.0, -0.3),3.934093,Terrain_0_0-20200716 - 154804,(0.0, 0.1, 1.0),(-29.7, 0.8, -39.3),5.002731,4.672836
05/08/2020 15:52:09,(9.3, 18.3, -14.6),(-0.2, 1.0, -0.3),3.774746,Terrain_0_0-20200716 - 154804,(0.0, 0.0, 1.0),(-30.0, 0.8, -39.1),4.952164,4.764404
05/08/2020 15:52:09,(8.9, 18.3, -14.2),(-0.2, 1.0, -0.3),4.124628,Terrain_0_0-20200716 - 154804,(0.0, 0.0, 1.0),(-18.7, 0.3, -38.7),5.038559,4.814804
05/08/2020 15:52:09,(8.8, 18.4, -14.0),(-0.2, 0.9, -0.3),4.261029,Terrain_0_0-20200716 - 154804,(-0.1, 0.0, 1.0),(2.5, -0.6, -37.4),5.127701,4.827103
05/08/2020 15:52:09,(8.6, 18.4, -13.8),(-0.2, 0.9, -0.3),4.356497,Terrain_0_0-20200716 - 154804,(-0.1, 0.0, 1.0),(25.8, -1.2, -36.8),4.977631,4.867371
05/08/2020 15:52:09,(8.2, 18.3, -13.8),(-0.2, 0.9, -0.3),4.326941,Terrain_0_0-20200716 - 154804,(-0.1, 0.0, 1.0),(9.9, -1.0, -37.1),5.021942,4.968781
05/08/2020 15:52:09,(8.5, 18.4, -13.8),(-0.2, 0.9, -0.3),4.19562,Terrain_0_0-20200716 - 154804,(0.0, -0.1, 1.0),(-19.0, -0.5, -37.6),4.909073,4.871674
05/08/2020 15:52:09,(7.7, 18.2, -14.0),(-0.1, 1.0, -0.2),4.308984,Terrain_0_0-20200716 - 154804,(0.0, -0.1, 1.0),(-27.6, -0.4, -37.7),4.993256,4.856522
05/08/2020 15:52:09,(7.1, 18.2, -13.7),(-0.1, 1.0, -0.2),4.666845,Terrain_0_0-20200716 - 154804,(0.0, -0.1, 1.0),(-29.4, -0.3, -37.8),5.004349,4.827606
05/08/2020 15:52:09,(6.9, 18.1, -13.7),(-0.1, 1.0, -0.2),4.742033,Terrain_0_0-20200716 - 154804,(0.0, -0.1, 1.0),(-28.4, -0.4, -37.6),4.882797,4.85762
05/08/2020 15:52:09,(6.8, 18.1, -13.7),(-0.1, 1.0, -0.2),4.577757,Terrain_0_0-20200716 - 154804,(-0.1, -0.1, 1.0),(-13.0, -0.3, -37.6),4.763077,4.873535
05/08/2020 15:52:09,(6.4, 18.1, -13.5),(-0.2, 1.0, -0.2),4.798427,Terrain_0_0-20200716 - 154804,(-0.1, -0.1, 1.0),(-19.1, -0.4, -36.9),4.903992,4.915207
05/08/2020 15:52:09,(5.6, 18.1, -13.1),(-0.1, 1.0, -0.2),5.409195,Terrain_0_0-20200716 - 154804,(-0.1, -0.1, 1.0),(-30.5, 0.1, -38.2),5.037231,4.961716
05/08/2020 15:52:09,(6.8, 18.2, -13.6),(-0.1, 1.0, -0.2),4.355794,Terrain_0_0-20200716 - 154804,(-0.1, -0.1, 1.0),(-30.4, 0.0, -37.4),4.757248,4.955978
05/08/2020 15:52:09,(4.8, 18.1, -12.7),(-0.2, 1.0, -0.2),6.030591,Terrain_0_0-20200716 - 154804,(-0.1, -0.1, 1.0),(-30.2, -0.1, -37.6),4.915497,4.892761
05/08/2020 15:52:09,(2.2, 17.9, -11.7),(-0.2, 0.9, -0.3),8.119325,Terrain_0_0-20200716 - 154804,(0.0, -0.1, 1.0),(-28.2, -0.2, -37.4),5.206238,4.837952
05/08/2020 15:52:09,(2.6, 17.8, -12.2),(-0.1, 1.0, -0.2),7.278018,Terrain_0_0-20200716 - 154804,(0.0, -0.1, 1.0),(-30.0, 0.3, -38.1),5.017136,4.70993
05/08/2020 15:52:09,(1.8, 17.8, -11.9),(-0.1, 0.9, -0.3),7.704299,Terrain_0_0-20200716 - 154804,(0.0, -0.1, 1.0),(-29.7, 0.1, -37.8),4.852768,4.737991
05/08/2020 15:52:09,(1.5, 17.7, -11.9),(-0.1, 0.9, -0.3),7.607872,Terrain_0_0-20200716 - 154804,(0.0, 0.0, 1.0),(-29.4, 0.4, -38.1),4.874054,4.780823
05/08/2020 15:52:09,(1.5, 17.7, -12.1),(-0.1, 1.0, -0.2),7.125273,Terrain_0_0-20200716 - 154804,(-0.1, 0.0, 1.0),(-16.9, 0.2, -37.6),4.622009,4.728668
05/08/2020 15:52:09,(1.6, 17.7, -12.2),(-0.1, 1.0, -0.2),6.79999,Terrain_0_0-20200716 - 154804,(-0.1, 0.0, 1.0),(-6.5, 0.2, -37.4),4.827057,4.743179
05/08/2020 15:52:09,(1.3, 17.6, -12.3),(-0.1, 1.0, -0.2),6.676918,Terrain_0_0-20200716 - 154804,(-0.1, 0.0, 1.0),(-8.2, 0.2, -37.3),4.592026,4.748886
05/08/2020 15:52:10,(1.0, 17.5, -12.5),(-0.1, 1.0, -0.2),6.589058,Terrain_0_0-20200716 - 154804,(0.0, 0.0, 1.0),(-22.6, 0.5, -37.6),4.716919,4.60437
05/08/2020 15:52:10,(1.0, 17.6, -12.0),(-0.1, 1.0, -0.2),6.662654,Terrain_0_0-20200716 - 154804,(-0.1, 0.0, 1.0),(19.4, -0.5, -36.3),4.856583,4.608368
05/08/2020 15:52:10,(0.6, 17.5, -12.1),(-0.1, 1.0, -0.2),6.599626,Terrain_0_0-20200716 - 154804,(-0.1, 0.0, 1.0),(23.1, -0.6, -36.0),4.804611,4.740433
05/08/2020 15:52:10,(-0.3, 17.3, -12.6),(-0.1, 1.0, -0.2),6.734508,Terrain_0_0-20200716 - 154804,(0.0, 0.0, 1.0),(-28.6, 0.9, -37.9),4.829056,4.688065
05/08/2020 15:52:10,(-0.5, 17.3, -12.7),(-0.1, 1.0, -0.2),6.488237,Terrain_0_0-20200716 - 154804,(-0.1, 0.0, 1.0),(-21.6, 0.8, -38.0),4.934372,4.79953
05/08/2020 15:52:10,(-1.3, 17.2, -12.7),(-0.1, 1.0, -0.2),6.769566,Terrain_0_0-20200716 - 154804,(-0.1, 0.0, 1.0),(-15.7, 0.8, -38.0),4.76329,4.730743
05/08/2020 15:52:10,(-2.2, 17.0, -12.8),(-0.1, 1.0, -0.2),7.091439,Terrain_0_0-20200716 - 154804,(-0.2, 0.0, 1.0),(-26.1, 1.0, -38.3),4.809982,4.719391
05/08/2020 15:52:10,(-6.1, 16.6, -13.1),(-0.1, 1.0, -0.1),10.16595,Terrain_0_0-20200716 - 154804,(-1.0, -1.0, -1.0),(-1.0, -1.0, -1.0),4.539597,4.414749
05/08/2020 15:52:10,(-2.2, 16.5, -16.2),(-0.1, 1.0, 0.0),5.489209,Terrain_0_0-20200716 - 154804,(-1.0, -1.0, -1.0),(-1.0, -1.0, -1.0),4.601639,4.678345
05/08/2020 15:52:10,(-11.4, 15.6, -22.2),(0.0, 1.0, 0.0),15.41505,Terrain_0_0-20200716 - 154804,(0.3, 0.0, 1.0),(-28.3, -0.3, -35.9),4.656036,5.252304
05/08/2020 15:52:10,(-12.0, 15.6, -23.0),(0.0, 1.0, 0.0),15.95961,Terrain_0_0-20200716 - 154804,(0.1, 0.0, 1.0),(-28.9, 0.2, -37.5),5.772034,4.859207
05/08/2020 15:52:10,(-11.4, 15.7, -21.6),(0.0, 1.0, 0.0),14.49924,Terrain_0_0-20200716 - 154804,(-0.1, 0.0, 1.0),(4.4, -0.4, -37.0),4.910934,4.899017
05/08/2020 15:52:10,(-9.5, 15.8, -20.6),(0.0, 1.0, 0.0),12.08323,Terrain_0_0-20200716 - 154804,(-0.3, -0.1, 1.0),(3.2, 0.3, -38.6),4.847153,4.897964
05/08/2020 15:52:10,(-10.9, 15.4, -25.9),(0.0, 1.0, -0.1),15.73416,Terrain_0_0-20200716 - 154804,(-0.1, -0.1, 1.0),(-31.0, 0.4, -37.8),5.049103,4.928192
05/08/2020 15:52:10,(-10.5, 14.6, -35.7),(0.3, 0.9, -0.2),22.86909,Terrain_0_0-20200716 - 154804,(0.0, -0.1, 1.0),(-30.5, 0.2, -38.5),5.434692,4.764267
05/08/2020 15:52:10,(-10.1, 14.9, -33.7),(0.3, 0.9, -0.2),20.67684,Terrain_0_0-20200716 - 154804,(-0.1, -0.1, 1.0),(3.7, -0.6, -36.9),4.821854,5.018417
05/08/2020 15:52:10,(-8.6, 15.1, -30.4),(0.1, 1.0, 0.0),17.00904,Terrain_0_0-20200716 - 154804,(-0.2, -0.1, 1.0),(-31.8, -0.1, -37.6),4.86377,4.988907
05/08/2020 15:52:10,(-5.0, 15.8, -25.8),(-0.1, 1.0, -0.1),11.07695,Terrain_0_0-20200716 - 154804,(-0.1, -0.1, 1.0),(-31.0, -0.1, -37.7),5.002686,5.122681
05/08/2020 15:52:10,(-0.1, 16.4, -20.8),(-0.1, 1.0, 0.0),5.126865,Terrain_0_0-20200716 - 154804,(0.3, -0.2, 0.9),(5.1, -1.7, -35.4),4.409119,4.893234
05/08/2020 15:52:10,(-1.4, 16.3, -21.2),(-0.1, 1.0, 0.0),5.518672,Terrain_0_0-20200716 - 154804,(0.0, -0.1, 1.0),(-30.6, 0.2, -38.2),4.935898,4.888062
05/08/2020 15:52:10,(-1.9, 16.3, -21.0),(-0.1, 1.0, 0.0),5.403508,Terrain_0_0-20200716 - 154804,(0.0, -0.1, 1.0),(-31.0, 0.3, -38.0),5.216644,4.822037
05/08/2020 15:52:10,(-2.2, 16.2, -21.3),(-0.1, 1.0, 0.0),5.688728,Terrain_0_0-20200716 - 154804,(-0.1, -0.1, 1.0),(-31.2, 0.3, -37.6),5.047165,4.927917
05/08/2020 15:52:11,(-2.6, 16.2, -21.8),(-0.1, 1.0, 0.0),6.253531,Terrain_0_0-20200716 - 154804,(-0.1, -0.1, 1.0),(-31.4, 0.1, -37.2),4.617508,4.974579
05/08/2020 15:52:11,(-2.9, 16.2, -21.7),(-0.1, 1.0, 0.0),6.164589,Terrain_0_0-20200716 - 154804,(-0.1, -0.1, 1.0),(-31.1, -0.2, -36.9),4.705948,5.063522
05/08/2020 15:52:11,(-3.1, 16.2, -21.4),(-0.1, 1.0, 0.0),5.849727,Terrain_0_0-20200716 - 154804,(-0.1, -0.1, 1.0),(-31.0, -0.3, -36.8),5.035782,5.02626
05/08/2020 15:52:11,(-3.3, 16.1, -21.2),(-0.1, 1.0, 0.0),5.715275,Terrain_0_0-20200716 - 154804,(-0.1, 0.0, 1.0),(-29.5, -0.1, -36.9),4.827362,5.067993
05/08/2020 15:52:11,(-3.5, 16.1, -20.9),(-0.1, 1.0, 0.0),5.401751,Terrain_0_0-20200716 - 154804,(-0.1, 0.0, 1.0),(-31.1, 0.3, -37.4),4.913467,4.89592
05/08/2020 15:52:11,(-3.7, 16.1, -21.3),(-0.1, 1.0, 0.0),5.814732,Terrain_0_0-20200716 - 154804,(-0.1, 0.0, 1.0),(-31.2, 0.4, -37.5),4.784012,4.899002
05/08/2020 15:52:11,(-4.4, 16.0, -22.3),(-0.1, 1.0, 0.0),6.812909,Terrain_0_0-20200716 - 154804,(-0.2, 0.0, 1.0),(24.8, -0.2, -37.5),4.831024,4.880371
05/08/2020 15:52:11,(-4.7, 16.0, -22.7),(-0.1, 1.0, 0.0),7.185513,Terrain_0_0-20200716 - 154804,(-0.2, 0.0, 1.0),(18.3, -0.1, -37.7),4.861786,4.841446
05/08/2020 15:52:11,(-5.0, 16.0, -22.7),(-0.1, 1.0, 0.0),7.253024,Terrain_0_0-20200716 - 154804,(-0.2, 0.0, 1.0),(22.4, -0.2, -37.6),4.886139,4.879501
05/08/2020 15:52:11,(-5.2, 16.0, -22.9),(-0.1, 1.0, 0.0),7.434175,Terrain_0_0-20200716 - 154804,(-0.2, 0.0, 1.0),(13.6, -0.1, -37.6),4.816818,4.854874
05/08/2020 15:52:11,(-5.4, 15.9, -22.9),(-0.1, 1.0, 0.0),7.394135,Terrain_0_0-20200716 - 154804,(-0.2, 0.0, 1.0),(10.3, -0.3, -37.4),4.707458,4.9814
05/08/2020 15:52:11,(-5.7, 15.9, -22.7),(-0.1, 1.0, 0.0),7.220076,Terrain_0_0-20200716 - 154804,(-0.2, 0.0, 1.0),(2.9, -0.3, -37.2),4.881226,4.986572
05/08/2020 15:52:11,(-5.8, 15.9, -22.4),(-0.1, 1.0, 0.0),6.854667,Terrain_0_0-20200716 - 154804,(-0.2, 0.0, 1.0),(-14.7, -0.1, -36.8),4.915939,4.973251
05/08/2020 15:52:11,(-6.2, 15.9, -22.5),(-0.1, 1.0, 0.0),6.952377,Terrain_0_0-20200716 - 154804,(-0.2, 0.0, 1.0),(30.2, -0.3, -37.1),4.636597,4.891388
05/08/2020 15:52:11,(-6.7, 15.8, -24.3),(-0.1, 1.0, -0.1),8.720245,Terrain_0_0-20200716 - 154804,(-0.2, 0.0, 1.0),(37.7, -0.4, -37.0),4.797043,4.964432
05/08/2020 15:52:11,(-6.7, 15.8, -24.0),(-0.1, 1.0, 0.0),8.333422,Terrain_0_0-20200716 - 154804,(-0.2, 0.0, 1.0),(8.5, 0.0, -37.5),4.694397,4.885086
05/08/2020 15:52:11,(-6.9, 15.8, -24.3),(-0.1, 1.0, -0.1),8.662781,Terrain_0_0-20200716 - 154804,(-0.2, 0.0, 1.0),(-9.6, 0.0, -37.2),4.908722,4.948273
05/08/2020 15:52:11,(-7.3, 15.5, -26.1),(-0.1, 1.0, -0.1),10.46287,Terrain_0_0-20200716 - 154804,(-0.2, 0.0, 1.0),(7.6, -0.2, -37.3),4.897873,4.953415
05/08/2020 15:52:11,(-7.5, 15.4, -27.0),(-0.1, 1.0, -0.1),11.28006,Terrain_0_0-20200716 - 154804,(-0.2, 0.0, 1.0),(-6.0, -0.2, -37.1),4.898788,5.033371
05/08/2020 15:52:11,(-7.4, 15.6, -25.6),(-0.1, 1.0, -0.1),9.830909,Terrain_0_0-20200716 - 154804,(-0.2, 0.0, 1.0),(-6.9, -0.2, -37.2),4.83847,5.130188
05/08/2020 15:52:11,(-10.8, 4.7, -97.5),(-0.1, 1.0, 0.1),82.59341,Terrain_0_0-20200716 - 154804,(-0.1, 0.0, 1.0),(-30.9, 0.7, -37.9),4.605682,4.933624
05/08/2020 15:52:11,(-11.0, 5.0, -99.8),(-0.1, 1.0, 0.1),84.81637,Terrain_0_0-20200716 - 154804,(-0.1, 0.0, 1.0),(-30.4, 0.7, -37.9),4.738495,4.956085
05/08/2020 15:52:11,(-9.6, 9.9, -83.5),(-0.8, 0.0, 0.6),67.92682,Terrain_0_0-20200716 - 154804,(-0.1, 0.0, 1.0),(15.0, -0.1, -36.9),4.716583,4.923767
05/08/2020 15:52:11,(-11.0, 5.6, -107.3),(-0.1, 1.0, 0.1),92.01839,Terrain_0_0-20200716 - 154804,(-0.1, 0.0, 1.0),(-2.2, 0.2, -37.3),4.781296,4.943161
05/08/2020 15:52:11,(-11.7, 5.3, -104.2),(-0.1, 1.0, 0.1),88.97397,Terrain_0_0-20200716 - 154804,(-0.1, 0.0, 1.0),(-7.3, 0.2, -37.4),4.890686,4.931259
05/08/2020 15:52:11,(-8.4, 15.0, -31.2),(0.2, 1.0, -0.1),15.24211,Terrain_0_0-20200716 - 154804,(-0.1, 0.0, 1.0),(-26.3, 0.4, -37.4),4.920441,4.947708
05/08/2020 15:52:11,(-11.7, 5.5, -107.6),(-0.1, 1.0, 0.1),92.3036,Terrain_0_0-20200716 - 154804,(-0.1, 0.0, 1.0),(2.0, -0.2, -36.6),4.928116,4.852188
05/08/2020 15:52:11,(-8.9, 15.1, -30.7),(0.1, 1.0, 0.0),14.75369,Terrain_0_0-20200716 - 154804,(-0.1, 0.0, 1.0),(-8.6, 0.2, -37.3),4.885101,4.971466
05/08/2020 15:52:11,(-13.4, 5.4, -110.7),(-0.2, 1.0, 0.0),95.37722,Terrain_0_0-20200716 - 154804,(-0.1, 0.0, 1.0),(-3.5, 0.1, -37.1),4.948257,4.886063
05/08/2020 15:52:12,(-14.0, 15.6, -23.9),(0.0, 1.0, 0.0),9.327045,Terrain_0_0-20200716 - 154804,(-1.0, -1.0, -1.0),(-1.0, -1.0, -1.0),4.559387,4.398361
05/08/2020 15:52:12,(-16.2, 15.7, -27.5),(0.0, 1.0, 0.0),13.34277,Floor Generic 150mm [371527],(-1.0, -1.0, -1.0),(-1.0, -1.0, -1.0),4.804398,5.338821
05/08/2020 15:52:12,(-15.8, 15.7, -26.6),(0.0, 1.0, 0.0),12.12257,Floor Generic 150mm [371527],(-0.3, 0.0, 0.9),(35.6, 0.6, -38.7),4.710419,5.156097
05/08/2020 15:52:12,(-14.8, 15.7, -25.2),(0.0, 1.0, 0.0),10.34891,Floor Generic 150mm [371527],(-0.2, -0.1, 1.0),(-23.9, 0.2, -37.1),4.747818,5.058807
05/08/2020 15:52:12,(-15.1, 15.7, -25.5),(0.0, 1.0, 0.0),10.50585,Floor Generic 150mm [371527],(-0.1, -0.1, 1.0),(-31.1, 0.4, -37.7),4.947418,5.024796
05/08/2020 15:52:12,(-15.4, 15.7, -25.4),(0.0, 1.0, 0.0),10.37908,Floor Generic 150mm [371527],(-0.1, -0.1, 1.0),(-26.0, 0.2, -37.2),5.033844,4.93483
05/08/2020 15:52:12,(-14.9, 15.7, -24.4),(0.0, 1.0, 0.0),9.159792,Floor Generic 150mm [371527],(0.0, -0.1, 1.0),(-30.3, 0.3, -37.8),5.255814,4.816742
05/08/2020 15:52:12,(-15.1, 15.7, -24.6),(0.0, 1.0, 0.0),9.195001,Floor Generic 150mm [371527],(0.0, -0.1, 1.0),(-29.9, 0.2, -37.7),5.561172,4.834824
05/08/2020 15:52:12,(-16.2, 15.7, -27.6),(0.0, 1.0, 0.0),12.3055,Floor Generic 150mm [371527],(0.0, -0.1, 1.0),(-9.5, -0.3, -37.0),5.360565,4.734619
05/08/2020 15:52:12,(-17.2, 15.7, -25.4),(0.0, 1.0, 0.0),10.51046,Floor Generic 150mm [371527],(-0.1, -0.1, 1.0),(-31.0, 0.0, -37.1),4.767197,4.97049
05/08/2020 15:52:12,(-19.0, 15.7, -26.6),(0.0, 1.0, 0.0),12.2308,Floor Generic 150mm [397297],(-0.2, -0.1, 1.0),(-31.8, 0.2, -37.6),4.626038,5.009186
05/08/2020 15:52:12,(-18.1, 16.0, -24.5),(1.0, 0.0, 0.0),9.782055,Note3Trigger,(-0.2, -0.1, 1.0),(-13.0, 0.1, -37.4),4.741394,4.973526
05/08/2020 15:52:12,(-18.1, 16.2, -24.3),(1.0, 0.0, 0.0),9.389569,Note3Trigger,(-0.2, -0.1, 1.0),(-29.2, 0.1, -37.1),4.739578,5.009506
05/08/2020 15:52:12,(-18.1, 16.3, -23.6),(1.0, 0.0, 0.0),8.595422,Note3Trigger,(-0.2, -0.1, 1.0),(-9.8, -0.1, -36.9),4.795517,4.93573
05/08/2020 15:52:12,(-18.4, 16.2, -23.5),(0.0, 0.0, 1.0),8.458302,Note3Trigger,(-0.2, -0.1, 1.0),(-15.3, -0.1, -36.9),4.860168,4.93895
05/08/2020 15:52:12,(-18.7, 16.2, -23.5),(0.0, 0.0, 1.0),8.465727,Note3Trigger,(-0.1, -0.1, 1.0),(-19.4, 0.0, -37.0),4.679291,5.011993
05/08/2020 15:52:12,(-18.6, 16.0, -20.7),(0.0, 0.0, 1.0),5.823649,Desk,(-0.2, -0.1, 1.0),(-32.0, -0.2, -37.1),4.871429,5.003311
05/08/2020 15:52:12,(-19.8, 15.7, -21.5),(0.0, 1.0, 0.0),6.950665,Floor Generic 150mm [371527],(-0.2, -0.1, 1.0),(-11.6, -0.2, -36.8),4.840408,4.980606
05/08/2020 15:52:13,(-20.0, 15.7, -21.5),(0.0, 1.0, 0.0),6.81953,Floor Generic 150mm [371527],(-0.2, -0.1, 1.0),(-25.2, 0.0, -36.8),4.781723,4.887924
05/08/2020 15:52:13,(-20.5, 15.7, -22.0),(0.0, 1.0, 0.0),7.274415,Floor Generic 150mm [371527],(-0.1, -0.1, 1.0),(-4.5, -0.1, -36.6),4.813721,4.934662
05/08/2020 15:52:13,(-20.9, 15.7, -21.9),(0.0, 1.0, 0.0),7.162954,Floor Generic 150mm [371527],(-0.1, -0.1, 1.0),(12.8, -0.2, -36.1),4.903275,4.918762
05/08/2020 15:52:13,(-21.4, 15.7, -22.2),(0.0, 1.0, 0.0),7.457236,Floor Generic 150mm [371527],(-0.1, 0.0, 1.0),(-11.4, 0.0, -36.5),4.973892,4.869949
05/08/2020 15:52:13,(-19.4, 15.7, -18.8),(0.0, 1.0, 0.0),3.485888,Terrain_0_0-20200716 - 154804,(-0.1, -0.2, 1.0),(-30.3, -0.4, -37.1),5.056839,4.885071
05/08/2020 15:52:13,(-19.9, 15.7, -18.8),(0.0, 1.0, 0.0),3.589867,Terrain_0_0-20200716 - 154804,(-0.1, -0.1, 1.0),(-24.5, -0.2, -36.7),4.959213,5.04567
05/08/2020 15:52:13,(-20.3, 15.7, -19.1),(0.0, 1.0, 0.0),3.837076,Terrain_0_0-20200716 - 154804,(-0.1, -0.1, 1.0),(-25.9, -0.4, -36.7),4.928024,4.950745
05/08/2020 15:52:13,(-20.6, 15.7, -19.0),(0.0, 1.0, 0.0),3.71759,Terrain_0_0-20200716 - 154804,(-0.1, -0.1, 1.0),(-19.1, -0.2, -36.6),4.691147,4.936737
05/08/2020 15:52:13,(-20.8, 15.7, -18.8),(0.0, 1.0, 0.0),3.514566,PavingByFrontDoor,(-0.1, -0.1, 1.0),(-2.3, -0.4, -36.0),4.604294,4.958008
05/08/2020 15:52:13,(-19.6, 16.6, -16.9),(0.1, 0.1, 1.0),0.8843138,CrownVic.Body.004 (1),(-0.1, -0.1, 1.0),(-15.9, -0.8, -36.5),4.85994,4.989731
05/08/2020 15:52:13,(-20.2, 15.8, -17.5),(0.0, 1.0, 0.0),1.939054,Terrain_0_0-20200716 - 154804,(0.0, -0.2, 1.0),(5.1, -2.3, -37.1),5.11647,4.951569
05/08/2020 15:52:13,(-20.4, 15.8, -17.5),(0.0, 1.0, 0.0),1.843235,Terrain_0_0-20200716 - 154804,(0.0, -0.2, 1.0),(40.0, -2.4, -34.9),5.2771,4.99382
05/08/2020 15:52:13,(-20.6, 15.8, -17.4),(0.0, 1.0, 0.0),1.770916,Terrain_0_0-20200716 - 154804,(0.0, -0.1, 1.0),(-30.3, 0.3, -38.1),5.141327,4.79985
05/08/2020 15:52:13,(-20.9, 15.7, -17.4),(0.0, 1.0, 0.0),1.811406,Terrain_0_0-20200716 - 154804,(0.0, -0.1, 1.0),(-4.0, -1.0, -36.4),5.235764,4.849899
05/08/2020 15:52:13,(-20.9, 15.8, -17.1),(0.0, 1.0, 0.0),1.57936,Terrain_0_0-20200716 - 154804,(0.0, -0.2, 1.0),(4.7, -1.9, -36.1),5.261093,4.830292
05/08/2020 15:52:13,(-21.1, 15.8, -17.1),(0.0, 1.0, 0.0),1.574524,Terrain_0_0-20200716 - 154804,(0.0, -0.2, 1.0),(-30.5, -0.7, -38.0),5.010452,4.890182
05/08/2020 15:52:13,(-21.3, 15.8, -17.2),(0.0, 1.0, -0.1),1.622758,Terrain_0_0-20200716 - 154804,(0.0, -0.2, 1.0),(-30.6, -0.2, -38.2),5.173935,4.984558
05/08/2020 15:52:13,(-21.5, 15.8, -17.2),(0.0, 1.0, 0.0),1.66975,PavingByFrontDoor,(-0.1, -0.2, 1.0),(-3.6, -0.5, -36.4),5.141266,4.79509
05/08/2020 15:52:14,(-21.5, 16.7, -16.9),(0.1, 0.1, 1.0),0.7997994,CrownVic.Body.004 (1),(-1.0, -1.0, -1.0),(-1.0, -1.0, -1.0),3.667862,3.737381
05/08/2020 15:52:14,(-25.3, 16.4, -24.6),(0.0, 0.0, 1.0),9.317057,Note5Trigger,(-0.1, 0.2, 1.0),(-30.0, 0.9, -38.7),5.000046,4.658646
05/08/2020 15:52:14,(-24.5, 16.5, -23.0),(1.0, 0.0, 0.0),7.506423,Table,(-0.1, 0.0, 1.0),(-29.7, -1.0, -36.4),4.900742,4.950058
05/08/2020 15:52:14,(-24.2, 15.8, -22.9),(0.0, 1.0, 0.0),7.339459,Floor Generic 150mm [397521],(-0.1, -0.1, 1.0),(-30.6, -1.6, -36.1),5.086761,5.041351
05/08/2020 15:52:14,(-23.6, 15.8, -22.5),(0.0, 1.0, 0.0),6.75719,Floor Generic 150mm [397521],(-0.1, -0.1, 1.0),(2.3, -2.1, -35.3),5.012131,5.154861
05/08/2020 15:52:14,(-23.3, 15.8, -21.2),(0.0, 1.0, 0.0),5.513246,Floor Generic 150mm [397521],(-0.1, -0.1, 1.0),(-30.0, -1.1, -36.6),5.456299,5.093857
05/08/2020 15:52:14,(-23.0, 15.8, -21.0),(0.0, 1.0, 0.0),5.209117,Floor Generic 150mm [397521],(-0.1, -0.1, 1.0),(-19.4, -1.4, -35.9),5.06929,5.040222
05/08/2020 15:52:14,(-23.0, 15.7, -20.6),(0.0, 0.0, 1.0),4.902358,Floor Generic 150mm [371527],(-0.1, -0.1, 1.0),(-27.5, -0.7, -36.8),4.851227,5.043274
05/08/2020 15:52:14,(-22.6, 15.7, -19.7),(0.0, 1.0, 0.0),3.952935,Terrain_0_0-20200716 - 154804,(-0.1, -0.1, 1.0),(-31.3, -0.4, -37.6),4.917862,4.990646
05/08/2020 15:52:14,(-22.3, 15.7, -17.7),(0.0, 1.0, 0.0),2.262615,PavingByFrontDoor,(-0.3, -0.3, 0.9),(2.5, -1.1, -38.2),4.843399,4.943466
05/08/2020 15:52:14,(-22.4, 15.7, -17.5),(0.0, 1.0, -0.1),2.159391,Terrain_0_0-20200716 - 154804,(-0.3, -0.3, 0.9),(37.1, -1.1, -35.8),4.753906,4.826035
05/08/2020 15:52:14,(-22.6, 15.7, -17.7),(0.0, 1.0, -0.1),2.315906,Terrain_0_0-20200716 - 154804,(-0.3, -0.2, 0.9),(36.3, -0.6, -35.6),4.715225,4.926666
05/08/2020 15:52:14,(-22.6, 15.7, -17.9),(0.0, 1.0, -0.1),2.4402,Terrain_0_0-20200716 - 154804,(-0.2, -0.1, 1.0),(17.4, -0.5, -36.3),4.722473,4.912888
05/08/2020 15:52:14,(-22.5, 15.7, -18.1),(0.0, 1.0, 0.0),2.542275,PavingByFrontDoor,(-0.1, -0.1, 1.0),(-26.5, -0.4, -37.0),4.899231,4.95665
05/08/2020 15:52:14,(-22.6, 15.7, -17.9),(0.0, 1.0, -0.1),2.442914,Terrain_0_0-20200716 - 154804,(-0.2, -0.1, 1.0),(22.6, -0.1, -36.7),4.816925,4.956131
05/08/2020 15:52:14,(-22.6, 15.7, -18.0),(0.0, 1.0, 0.0),2.532377,Terrain_0_0-20200716 - 154804,(-0.1, 0.0, 1.0),(19.5, 0.2, -36.6),4.79921,4.788742
05/08/2020 15:52:14,(-22.5, 15.7, -18.2),(0.0, 1.0, 0.0),2.597334,PavingByFrontDoor,(-0.1, 0.0, 1.0),(-14.2, 0.6, -37.9),4.80423,4.823547
05/08/2020 15:52:14,(-21.7, 16.7, -16.9),(0.1, 0.1, 1.0),0.7732628,CrownVic.Body.004 (1),(-0.1, 0.0, 1.0),(-10.5, 0.4, -37.6),4.749008,4.842148
05/08/2020 15:52:15,(-21.7, 16.7, -16.9),(0.1, 0.1, 1.0),0.7730174,CrownVic.Body.004 (1),(-0.1, 0.0, 1.0),(0.3, 0.2, -37.3),4.873276,4.865067
05/08/2020 15:52:15,(-22.5, 15.7, -18.1),(0.0, 1.0, 0.0),2.539661,PavingByFrontDoor,(-0.1, 0.0, 1.0),(-2.3, 0.2, -37.3),4.784317,4.815903
05/08/2020 15:52:15,(-21.7, 16.7, -16.9),(0.1, 0.1, 1.0),0.7539158,CrownVic.Body.004 (1),(-0.1, 0.0, 1.0),(-10.4, 0.3, -37.4),4.828217,4.849335
05/08/2020 15:52:15,(-21.7, 16.7, -16.9),(0.1, 0.1, 1.0),0.7480333,CrownVic.Body.004 (1),(-0.1, 0.0, 1.0),(2.3, 0.2, -37.3),4.777924,4.830673
05/08/2020 15:52:15,(-21.7, 16.7, -16.9),(0.1, 0.1, 1.0),0.7346812,CrownVic.Body.004 (1),(-0.1, 0.0, 1.0),(5.3, 0.1, -37.2),4.819962,4.941025
05/08/2020 15:52:15,(-21.7, 16.7, -16.9),(0.1, 0.1, 1.0),0.7179653,CrownVic.Body.004 (1),(-0.1, 0.0, 1.0),(3.1, 0.1, -37.1),4.84407,5.011398
05/08/2020 15:52:15,(-21.7, 16.7, -16.9),(0.1, 0.1, 1.0),0.6903743,CrownVic.Body.004 (1),(-0.1, 0.0, 1.0),(4.7, 0.0, -36.9),4.868515,4.922516
05/08/2020 15:52:15,(-21.7, 16.7, -16.9),(0.1, 0.1, 1.0),0.668799,CrownVic.Body.004 (1),(-0.1, -0.1, 1.0),(3.6, 0.2, -37.3),4.895493,4.907623
05/08/2020 15:52:15,(-21.7, 16.7, -16.9),(0.1, 0.1, 1.0),0.6616377,CrownVic.Body.004 (1),(-0.2, -0.1, 1.0),(29.4, 0.1, -36.7),4.893143,4.848663
05/08/2020 15:52:15,(-21.7, 16.7, -16.9),(0.1, 0.1, 1.0),0.635323,CrownVic.Body.004 (1),(-0.1, -0.1, 1.0),(-3.2, -0.2, -37.0),4.947266,4.822159
05/08/2020 15:52:15,(-21.7, 16.7, -16.9),(0.1, 0.1, 1.0),0.6239963,CrownVic.Body.004 (1),(-0.1, -0.1, 1.0),(-30.8, -0.4, -37.4),4.849106,4.907654
05/08/2020 15:52:15,(-21.7, 16.7, -16.9),(0.1, 0.1, 1.0),0.6106429,CrownVic.Body.004 (1),(-0.2, -0.1, 1.0),(31.9, -0.8, -35.5),4.926147,4.885742
05/08/2020 15:52:15,(-21.7, 16.7, -16.9),(0.1, 0.1, 1.0),0.5957229,CrownVic.Body.004 (1),(-0.1, -0.1, 1.0),(-11.9, -0.5, -37.1),4.826279,4.868591
05/08/2020 15:52:15,(-21.7, 16.7, -16.9),(0.1, 0.1, 1.0),0.586531,CrownVic.Body.004 (1),(-0.1, -0.1, 1.0),(-30.5, -0.4, -37.6),4.979324,4.77356
05/08/2020 15:52:15,(-21.7, 16.7, -16.9),(0.1, 0.1, 1.0),0.5818902,CrownVic.Body.004 (1),(-0.2, -0.1, 1.0),(15.7, 0.0, -37.4),4.929626,4.880615
05/08/2020 15:52:15,(-21.7, 16.7, -16.9),(0.1, 0.1, 1.0),0.5764664,CrownVic.Body.004 (1),(-0.2, -0.1, 1.0),(11.7, 0.0, -37.4),4.90889,4.906265
05/08/2020 15:52:16,(-21.7, 16.7, -16.9),(0.1, 0.1, 1.0),0.5740851,CrownVic.Body.004 (1),(-0.2, -0.1, 1.0),(8.1, -0.2, -37.3),4.944473,4.99913
05/08/2020 15:52:16,(-21.7, 16.7, -16.9),(0.1, 0.1, 1.0),0.5777248,CrownVic.Body.004 (1),(-0.2, -0.1, 1.0),(0.1, -0.2, -37.4),4.88736,4.935287
05/08/2020 15:52:16,(-21.7, 16.7, -16.9),(0.1, 0.1, 1.0),0.5852953,CrownVic.Body.004 (1),(-0.2, -0.1, 1.0),(8.3, -0.1, -37.5),4.939117,4.955612
05/08/2020 15:52:16,(-21.7, 16.7, -16.9),(0.1, 0.1, 1.0),0.5898682,CrownVic.Body.004 (1),(-0.2, -0.1, 1.0),(3.4, 0.0, -37.6),4.910858,5.001144
05/08/2020 15:52:16,(-21.7, 16.7, -16.9),(0.1, 0.1, 1.0),0.5911309,CrownVic.Body.004 (1),(-0.2, -0.1, 1.0),(12.1, 0.0, -37.5),4.974258,4.958023
05/08/2020 15:52:16,(-21.8, 16.7, -16.9),(0.1, 0.1, 1.0),0.5992616,CrownVic.Body.004 (1),(-0.2, -0.1, 1.0),(26.3, 0.1, -37.4),5.004456,5.012817
05/08/2020 15:52:16,(-21.7, 16.7, -16.9),(0.1, 0.1, 1.0),0.5976837,CrownVic.Body.004 (1),(-0.1, -0.1, 1.0),(2.0, -0.2, -37.1),4.975372,4.971649
05/08/2020 15:52:16,(-21.6, 16.7, -16.9),(0.1, 0.1, 1.0),0.6017404,CrownVic.Body.004 (1),(-0.1, -0.1, 1.0),(-29.9, 0.0, -38.7),4.841309,4.695282
05/08/2020 15:52:16,(-21.7, 16.7, -16.9),(0.1, 0.1, 1.0),0.6002967,CrownVic.Body.004 (1),(-0.1, -0.1, 1.0),(-11.3, -0.3, -37.3),4.93277,4.870331
05/08/2020 15:52:16,(-21.7, 16.7, -16.9),(0.1, 0.1, 1.0),0.6029075,CrownVic.Body.004 (1),(-0.1, -0.1, 1.0),(-3.7, -0.2, -37.3),4.872711,4.900406
05/08/2020 15:52:16,(-21.6, 16.7, -16.9),(0.1, 0.1, 1.0),0.6096986,CrownVic.Body.004 (1),(-0.1, -0.1, 1.0),(-18.7, -0.2, -37.4),4.774841,4.869537
05/08/2020 15:52:16,(-21.6, 16.7, -16.9),(0.1, 0.1, 1.0),0.6101418,CrownVic.Body.004 (1),(-0.1, -0.1, 1.0),(-22.3, -0.1, -37.8),4.964294,4.879074
05/08/2020 15:52:16,(-21.7, 16.7, -16.9),(0.1, 0.1, 1.0),0.6137719,CrownVic.Body.004 (1),(-0.1, -0.1, 1.0),(-18.2, -0.1, -37.7),4.902206,4.950974
05/08/2020 15:52:16,(-21.7, 16.7, -16.9),(0.1, 0.1, 1.0),0.6204842,CrownVic.Body.004 (1),(-0.1, -0.1, 1.0),(-0.4, 0.0, -37.6),4.923462,4.967819
05/08/2020 15:52:16,(-21.7, 16.7, -16.9),(0.1, 0.1, 1.0),0.6250102,CrownVic.Body.004 (1),(-0.2, -0.1, 1.0),(2.3, 0.0, -37.6),4.935715,4.959702
05/08/2020 15:52:16,(-21.7, 16.7, -16.9),(0.1, 0.1, 1.0),0.6275721,CrownVic.Body.004 (1),(-0.2, -0.1, 1.0),(2.7, 0.0, -37.4),4.934753,4.984482
05/08/2020 15:52:16,(-21.7, 16.7, -16.9),(0.1, 0.1, 1.0),0.6318055,CrownVic.Body.004 (1),(-0.2, -0.1, 1.0),(1.9, 0.0, -37.4),4.987991,4.936371
05/08/2020 15:52:16,(-21.7, 16.7, -16.9),(0.1, 0.1, 1.0),0.6391098,CrownVic.Body.004 (1),(-0.2, -0.1, 1.0),(2.4, 0.0, -37.5),4.932556,4.929153
05/08/2020 15:52:16,(-21.7, 16.7, -16.9),(0.2, 0.1, 1.0),0.6437069,CrownVic.Body.004 (1),(-0.2, -0.1, 1.0),(9.9, 0.1, -37.5),4.935776,4.954498
05/08/2020 15:52:17,(-21.6, 16.7, -16.9),(0.2, 0.1, 1.0),0.6386891,CrownVic.Body.004 (1),(-0.1, -0.1, 1.0),(-4.9, -0.1, -36.8),4.955368,4.811279
05/08/2020 15:52:17,(-21.6, 16.7, -16.9),(0.2, 0.1, 1.0),0.6512467,CrownVic.Body.004 (1),(-0.1, -0.1, 1.0),(-26.4, 0.0, -37.5),4.663345,4.74057
05/08/2020 15:52:17,(-21.8, 15.7, -18.1),(0.0, 1.0, 0.0),2.162866,PavingByFrontDoor,(-0.1, -0.1, 1.0),(-30.4, 0.2, -38.0),4.880432,4.705856
05/08/2020 15:52:17,(-21.8, 15.7, -18.2),(0.0, 1.0, 0.0),2.201693,PavingByFrontDoor,(-0.1, -0.1, 1.0),(-27.7, 0.2, -37.9),4.79097,4.747284
05/08/2020 15:52:17,(-21.6, 16.6, -17.0),(0.3, 0.1, 1.0),0.6887971,CrownVic.Body.004 (1),(-0.1, -0.1, 1.0),(-0.4, 0.1, -37.2),4.80928,4.759521
05/08/2020 15:52:17,(-21.6, 16.6, -17.0),(0.3, 0.1, 0.9),0.699568,CrownVic.Body.004 (1),(-0.1, -0.1, 1.0),(5.5, 0.1, -37.1),4.802399,4.742783
05/08/2020 15:52:17,(-21.9, 15.7, -18.2),(0.0, 1.0, 0.0),2.246733,PavingByFrontDoor,(-0.1, -0.1, 1.0),(4.1, 0.2, -37.2),4.81076,4.657944
05/08/2020 15:52:17,(-21.9, 15.7, -18.0),(0.0, 1.0, 0.0),2.102666,PavingByFrontDoor,(-0.1, -0.1, 1.0),(-30.4, -0.1, -37.8),4.77623,4.880463
05/08/2020 15:52:17,(-21.9, 15.7, -18.0),(0.0, 1.0, 0.0),2.11731,PavingByFrontDoor,(-0.1, -0.1, 1.0),(-25.1, -0.1, -37.6),4.760666,4.741714
05/08/2020 15:52:17,(-21.9, 15.7, -18.0),(0.0, 1.0, 0.0),2.124861,PavingByFrontDoor,(-0.1, -0.1, 1.0),(-20.4, -0.2, -36.9),4.850159,4.76973
05/08/2020 15:52:17,(-22.2, 15.7, -18.1),(0.0, 1.0, 0.0),2.261525,PavingByFrontDoor,(-0.1, -0.1, 1.0),(-22.4, 0.1, -37.5),4.843033,4.793304
05/08/2020 15:52:17,(-22.0, 15.7, -18.1),(0.0, 1.0, 0.0),2.168745,PavingByFrontDoor,(-0.2, -0.1, 1.0),(12.0, 0.3, -37.4),4.709259,4.751663
05/08/2020 15:52:17,(-21.9, 15.7, -18.1),(0.0, 1.0, 0.0),2.194109,PavingByFrontDoor,(-0.1, -0.1, 1.0),(-2.2, 0.3, -37.6),4.702805,4.696518
05/08/2020 15:52:17,(-21.3, 15.7, -18.0),(0.0, 1.0, 0.0),2.016703,PavingByFrontDoor,(-1.0, -1.0, -1.0),(-1.0, -1.0, -1.0),-1,2.502884
05/08/2020 15:52:17,(-21.3, 15.7, -18.3),(0.0, 1.0, 0.0),2.324619,PavingByFrontDoor,(0.0, -0.1, 1.0),(-30.6, 1.2, -38.9),5.118942,4.538589
05/08/2020 15:52:17,(-21.3, 15.7, -18.4),(0.0, 1.0, 0.0),2.42157,PavingByFrontDoor,(0.0, -0.1, 1.0),(-30.6, 0.9, -38.5),4.831894,4.463882
05/08/2020 15:52:17,(-21.4, 15.7, -18.6),(0.0, 1.0, 0.0),2.527009,PavingByFrontDoor,(0.0, -0.1, 1.0),(12.6, 0.0, -36.0),4.660309,4.356262
05/08/2020 15:52:17,(-21.4, 15.7, -18.5),(0.0, 1.0, 0.0),2.48055,PavingByFrontDoor,(0.0, -0.1, 1.0),(-4.4, 0.2, -36.9),4.792831,4.426208
05/08/2020 15:52:17,(-21.4, 15.7, -18.5),(0.0, 1.0, 0.0),2.431931,PavingByFrontDoor,(0.0, -0.1, 1.0),(-18.3, 0.2, -37.2),4.723251,4.414597
05/08/2020 15:52:18,(-21.4, 15.7, -18.6),(0.0, 1.0, 0.0),2.538067,PavingByFrontDoor,(-0.1, -0.1, 1.0),(1.6, -0.3, -36.1),4.748215,4.404602
05/08/2020 15:52:18,(-21.4, 15.7, -18.4),(0.0, 1.0, 0.0),2.418108,PavingByFrontDoor,(-0.1, -0.1, 1.0),(-17.2, 0.0, -37.3),4.637268,4.512527
05/08/2020 15:52:18,(-21.4, 15.7, -18.4),(0.0, 1.0, 0.0),2.395478,PavingByFrontDoor,(-0.1, -0.1, 1.0),(10.4, -0.5, -35.5),4.657318,4.307816
05/08/2020 15:52:18,(-21.4, 15.7, -18.4),(0.0, 1.0, 0.0),2.388907,PavingByFrontDoor,(-0.1, -0.1, 1.0),(6.1, -0.2, -36.8),4.579971,4.285309
05/08/2020 15:52:18,(-21.4, 15.7, -18.3),(0.0, 1.0, 0.0),2.319422,PavingByFrontDoor,(-0.1, -0.1, 1.0),(-18.8, 0.1, -37.3),4.5569,4.188019
05/08/2020 15:52:18,(-21.4, 15.7, -18.5),(0.0, 1.0, 0.0),2.463027,PavingByFrontDoor,(-0.1, -0.1, 1.0),(8.5, -0.4, -35.8),4.631531,4.198807
05/08/2020 15:52:18,(-21.4, 15.7, -18.5),(0.0, 1.0, 0.0),2.457524,PavingByFrontDoor,(-0.1, -0.1, 1.0),(-2.4, -0.1, -36.5),4.525803,4.111038
05/08/2020 15:52:18,(-21.4, 15.7, -18.4),(0.0, 1.0, 0.0),2.40154,PavingByFrontDoor,(-0.1, -0.1, 1.0),(-5.5, -0.1, -36.6),4.372742,4.080093
05/08/2020 15:52:18,(-21.4, 15.7, -18.6),(0.0, 1.0, 0.0),2.500082,PavingByFrontDoor,(-0.1, -0.1, 1.0),(16.8, 0.0, -36.7),4.340332,4.11055
05/08/2020 15:52:18,(-21.0, 15.7, -19.0),(0.0, 1.0, 0.0),2.932257,PavingByFrontDoor,(0.0, 0.0, 1.0),(-24.7, 1.4, -38.7),4.381317,3.88089
05/08/2020 15:52:18,(-21.1, 15.7, -19.4),(0.0, 1.0, 0.0),3.271651,PavingByFrontDoor,(-0.1, 0.0, 1.0),(5.3, 0.7, -37.2),4.204697,3.915939
05/08/2020 15:52:18,(-21.0, 15.7, -19.3),(0.0, 1.0, 0.0),3.117372,PavingByFrontDoor,(-0.1, -0.1, 1.0),(-12.6, 0.6, -37.3),4.33461,3.992661
05/08/2020 15:52:18,(-20.5, 15.7, -19.9),(0.0, 1.0, 0.0),3.823724,Terrain_0_0-20200716 - 154804,(-0.1, -0.1, 1.0),(-23.8, 1.0, -37.9),4.432419,3.929337
05/08/2020 15:52:18,(-19.1, 15.7, -21.5),(0.0, 1.0, 0.0),5.647973,Floor Generic 150mm [371527],(0.0, 0.0, 1.0),(-28.7, 1.5, -38.6),4.251312,3.961777
05/08/2020 15:52:18,(-19.1, 16.0, -21.0),(-1.0, 0.0, 0.0),5.147121,Desk,(0.0, -0.1, 1.0),(-29.8, 1.0, -38.2),4.371811,3.966705
05/08/2020 15:52:18,(-18.9, 15.7, -21.8),(0.0, 1.0, 0.0),5.991138,Floor Generic 150mm [371527],(-0.1, -0.1, 1.0),(-25.8, 0.6, -37.7),4.196411,3.863022
05/08/2020 15:52:19,(-19.1, 15.9, -21.5),(-1.0, 0.0, 0.0),5.583219,Desk,(-0.1, -0.1, 1.0),(2.2, 0.3, -36.9),4.083923,3.90831
05/08/2020 15:52:19,(29.9, 11.1, -101.5),(-0.2, 1.0, 0.1),99.35851,Terrain_0_0-20200716 - 154804,(0.0, 0.0, 1.0),(17.1, 0.6, -36.4),4.126709,3.836395
05/08/2020 15:52:19,(-17.3, 16.5, -23.3),(-0.1, 1.0, 0.0),7.925878,Quad (7),(0.0, 0.0, 1.0),(-0.5, 0.7, -36.7),4.27565,3.813522
05/08/2020 15:52:19,(-12.3, 15.5, -30.7),(0.0, 1.0, 0.0),16.81844,Terrain_0_0-20200716 - 154804,(0.0, 0.0, 1.0),(-15.8, 1.0, -37.8),4.160675,3.616806
05/08/2020 15:52:19,(-12.8, 15.5, -30.0),(0.0, 1.0, 0.1),16.00224,Terrain_0_0-20200716 - 154804,(0.0, -0.1, 1.0),(-19.8, 1.1, -38.0),4.063354,3.659912
05/08/2020 15:52:19,(-15.4, 15.7, -26.4),(0.0, 1.0, 0.0),11.56598,Floor Generic 150mm [371527],(-0.1, -0.1, 1.0),(-10.5, 1.2, -37.6),3.95874,3.494186
05/08/2020 15:52:19,(-12.8, 15.5, -30.4),(0.0, 1.0, 0.1),16.26107,Terrain_0_0-20200716 - 154804,(-0.1, -0.1, 1.0),(-7.2, 1.0, -37.2),3.940094,3.504166
05/08/2020 15:52:19,(25.6, 10.5, -92.3),(0.0, 1.0, 0.0),89.25968,Terrain_0_0-20200716 - 154804,(-0.1, 0.0, 1.0),(11.6, 0.7, -36.5),3.914902,3.479523
05/08/2020 15:52:19,(23.2, 10.7, -84.6),(-0.1, 1.0, 0.0),81.55818,Terrain_0_0-20200716 - 154804,(-0.1, -0.1, 1.0),(1.9, 0.8, -37.1),3.767563,3.407608
05/08/2020 15:52:19,(-12.8, 15.5, -30.1),(0.0, 1.0, 0.1),15.98597,Terrain_0_0-20200716 - 154804,(-0.1, -0.1, 1.0),(-5.5, 0.0, -35.8),3.816956,3.476974
05/08/2020 15:52:19,(-18.7, 16.4, -21.5),(0.0, 1.0, 0.0),5.443131,Desk,(-0.1, -0.1, 1.0),(36.8, -0.6, -35.1),3.816193,3.471375
05/08/2020 15:52:19,(-19.1, 16.3, -20.8),(-1.0, 0.0, 0.0),4.664872,Desk,(-0.1, -0.1, 1.0),(-0.5, 0.4, -36.8),3.706894,3.459
05/08/2020 15:52:19,(-18.8, 16.1, -20.7),(0.0, 0.0, 1.0),4.757242,Desk,(-0.1, 0.0, 1.0),(-31.0, 1.1, -37.1),3.648972,3.386887
05/08/2020 15:52:19,(-18.9, 15.6, -20.1),(0.0, 1.0, 0.0),4.333381,Terrain_0_0-20200716 - 154804,(0.0, -0.1, 1.0),(-14.0, 0.5, -37.4),3.826614,3.492004
05/08/2020 15:52:19,(-19.0, 15.6, -20.0),(0.0, 1.0, 0.0),4.141485,Terrain_0_0-20200716 - 154804,(-0.1, -0.1, 1.0),(-19.8, 0.2, -36.8),3.822937,3.289993
05/08/2020 15:52:19,(-19.4, 15.7, -19.5),(0.0, 1.0, -0.1),3.46624,Terrain_0_0-20200716 - 154804,(-0.1, 0.0, 1.0),(-26.7, 1.4, -38.2),3.679138,3.305191
05/08/2020 15:52:19,(-19.9, 15.7, -18.9),(0.0, 1.0, 0.0),2.729084,Terrain_0_0-20200716 - 154804,(-0.1, -0.1, 1.0),(-26.3, 1.7, -38.4),3.746552,3.500778
05/08/2020 15:52:19,(-20.4, 15.7, -18.4),(0.0, 1.0, 0.0),2.135312,Terrain_0_0-20200716 - 154804,(-0.1, -0.1, 1.0),(-28.3, 1.3, -38.6),3.915802,3.426941
05/08/2020 15:52:19,(-20.3, 15.7, -18.5),(0.0, 1.0, 0.0),2.166712,Terrain_0_0-20200716 - 154804,(-0.1, -0.1, 1.0),(-30.1, 1.3, -38.0),3.880692,3.492676
05/08/2020 15:52:19,(-20.8, 15.7, -18.1),(0.0, 1.0, 0.0),1.704161,PavingByFrontDoor,(-0.1, -0.2, 1.0),(-30.0, 0.8, -39.0),3.926971,3.514496
05/08/2020 15:52:19,(-20.9, 15.7, -18.2),(0.0, 1.0, 0.0),1.716885,PavingByFrontDoor,(-0.1, -0.2, 1.0),(-6.2, 0.8, -37.4),3.99617,3.628021
05/08/2020 15:52:20,(-20.8, 15.7, -18.3),(0.0, 1.0, 0.0),1.793144,PavingByFrontDoor,(-0.1, -0.2, 1.0),(1.7, 0.8, -37.3),4.022736,3.791458
05/08/2020 15:52:20,(-20.7, 15.7, -18.4),(0.0, 1.0, 0.0),1.814685,PavingByFrontDoor,(0.0, -0.1, 1.0),(-9.8, 1.0, -37.4),3.861145,3.768707
05/08/2020 15:52:20,(-20.7, 15.7, -18.5),(0.0, 1.0, 0.0),1.899015,PavingByFrontDoor,(-0.1, -0.1, 1.0),(12.8, 0.8, -36.6),4.007187,3.840668
05/08/2020 15:52:20,(-20.7, 15.7, -18.6),(0.0, 1.0, 0.0),1.955224,Terrain_0_0-20200716 - 154804,(-0.1, -0.1, 1.0),(16.8, 0.7, -36.5),3.998642,3.818802
05/08/2020 15:52:20,(-20.6, 15.7, -18.7),(0.0, 1.0, 0.0),2.001734,Terrain_0_0-20200716 - 154804,(0.0, -0.1, 1.0),(0.0, 0.7, -36.6),4.230408,3.878845
05/08/2020 15:52:20,(-20.5, 15.7, -18.7),(0.0, 1.0, 0.0),2.040581,Terrain_0_0-20200716 - 154804,(0.0, -0.1, 1.0),(-8.0, 0.9, -37.6),4.20993,3.889526
05/08/2020 15:52:20,(-20.7, 15.7, -18.8),(0.0, 1.0, 0.0),1.95276,PavingByFrontDoor,(-0.1, -0.1, 1.0),(26.8, -0.2, -34.7),4.252945,3.888809
05/08/2020 15:52:20,(-20.5, 15.7, -18.6),(0.0, 1.0, 0.0),1.886155,Terrain_0_0-20200716 - 154804,(0.0, -0.2, 1.0),(-24.0, 0.4, -38.0),4.133728,4.01059
05/08/2020 15:52:20,(-20.7, 15.7, -18.7),(0.0, 1.0, 0.0),1.870383,Terrain_0_0-20200716 - 154804,(-0.1, -0.2, 1.0),(7.1, 0.1, -36.5),4.112228,3.948135
05/08/2020 15:52:20,(-20.6, 15.7, -18.8),(0.0, 1.0, 0.0),1.882069,Terrain_0_0-20200716 - 154804,(-0.1, -0.2, 1.0),(1.8, 0.0, -36.5),4.141098,4.045517
05/08/2020 15:52:20,(-20.5, 15.7, -18.7),(0.0, 1.0, 0.0),1.881837,Terrain_0_0-20200716 - 154804,(-0.1, -0.2, 1.0),(0.9, 0.0, -36.5),4.199783,4.03009
05/08/2020 15:52:20,(-20.6, 15.7, -18.9),(0.0, 1.0, 0.0),1.897872,Terrain_0_0-20200716 - 154804,(0.0, -0.2, 1.0),(-1.0, 0.0, -36.6),4.202621,4.036148
05/08/2020 15:52:20,(-20.6, 15.7, -19.0),(0.0, 1.0, 0.0),1.911189,Terrain_0_0-20200716 - 154804,(-0.1, -0.1, 1.0),(5.8, -0.1, -36.0),4.261688,4.108093
05/08/2020 15:52:20,(-20.6, 15.7, -19.0),(0.0, 1.0, 0.0),1.898947,Terrain_0_0-20200716 - 154804,(0.0, -0.2, 1.0),(-5.6, 0.1, -36.9),4.293976,4.124313
05/08/2020 15:52:20,(-20.5, 15.7, -19.0),(0.0, 1.0, 0.0),1.895928,Terrain_0_0-20200716 - 154804,(0.0, -0.1, 1.0),(-25.5, 0.5, -38.4),4.164307,4.132858
05/08/2020 15:52:20,(-20.6, 15.7, -19.2),(0.0, 1.0, 0.0),1.971364,Terrain_0_0-20200716 - 154804,(0.0, -0.1, 1.0),(-2.3, 0.1, -36.8),4.29126,4.114349
05/08/2020 15:52:20,(-20.5, 15.7, -19.3),(0.0, 1.0, 0.0),1.999878,Terrain_0_0-20200716 - 154804,(0.0, -0.1, 1.0),(-16.5, 0.2, -37.6),4.188354,4.118347
05/08/2020 15:52:20,(-20.7, 15.7, -19.6),(0.0, 1.0, 0.0),2.117163,Terrain_0_0-20200716 - 154804,(-0.1, -0.1, 1.0),(16.6, -0.7, -35.2),4.275604,4.234863
05/08/2020 15:52:20,(-20.7, 15.7, -19.6),(0.0, 1.0, 0.0),2.099368,Terrain_0_0-20200716 - 154804,(0.0, -0.2, 1.0),(5.6, -0.7, -35.8),4.412994,4.247894
05/08/2020 15:52:20,(-20.6, 15.7, -19.5),(0.0, 1.0, 0.0),2.024033,Terrain_0_0-20200716 - 154804,(0.1, -0.2, 1.0),(-28.7, 0.2, -38.5),4.403732,4.202011
05/08/2020 15:52:20,(-20.6, 15.7, -19.6),(0.0, 1.0, 0.0),2.011216,Terrain_0_0-20200716 - 154804,(0.0, -0.2, 1.0),(-6.3, -0.5, -36.5),4.406754,4.191727
05/08/2020 15:52:21,(-20.7, 15.7, -19.6),(0.0, 1.0, 0.0),1.941808,Terrain_0_0-20200716 - 154804,(-0.1, -0.2, 1.0),(12.1, -0.6, -35.4),4.406723,4.243561
05/08/2020 15:52:21,(-20.6, 15.7, -19.4),(0.0, 1.0, 0.0),1.831933,Terrain_0_0-20200716 - 154804,(0.0, -0.2, 1.0),(-16.2, 0.1, -37.5),4.366547,4.294769
05/08/2020 15:52:21,(-20.6, 15.7, -19.3),(0.0, 1.0, 0.0),1.738337,Terrain_0_0-20200716 - 154804,(0.0, -0.1, 1.0),(-28.0, 0.6, -38.5),4.260574,4.175827
05/08/2020 15:52:21,(-20.7, 15.7, -19.3),(0.0, 1.0, 0.0),1.706346,Terrain_0_0-20200716 - 154804,(-0.1, -0.2, 1.0),(-30.4, 0.6, -38.8),4.187531,4.119232
05/08/2020 15:52:21,(-20.7, 15.7, -19.3),(0.0, 1.0, 0.0),1.66137,Terrain_0_0-20200716 - 154804,(0.0, -0.1, 1.0),(-30.3, 0.8, -39.2),4.392624,4.284454
05/08/2020 15:52:21,(-20.7, 15.7, -19.2),(0.0, 1.0, 0.0),1.579579,PavingByFrontDoor,(0.0, -0.2, 1.0),(-15.6, 0.1, -37.9),4.41127,4.503922
05/08/2020 15:52:21,(-20.7, 15.7, -19.0),(0.0, 1.0, 0.0),1.509303,PavingByFrontDoor,(0.0, -0.3, 1.0),(-30.0, 0.0, -38.5),4.469086,4.283585
05/08/2020 15:52:21,(-20.7, 15.7, -19.0),(0.0, 1.0, 0.0),1.505847,PavingByFrontDoor,(0.0, -0.3, 1.0),(-30.1, -0.2, -38.5),4.329391,4.3927
05/08/2020 15:52:21,(-20.7, 15.7, -19.0),(0.0, 1.0, 0.0),1.5085,PavingByFrontDoor,(0.0, -0.3, 1.0),(-20.2, -0.3, -38.2),4.488556,4.518082
05/08/2020 15:52:21,(-20.8, 15.7, -19.0),(0.0, 1.0, 0.0),1.503969,PavingByFrontDoor,(0.0, -0.3, 1.0),(-12.4, -0.3, -37.8),4.755951,4.410202
05/08/2020 15:52:21,(-20.7, 15.7, -19.0),(0.0, 1.0, 0.0),1.518929,PavingByFrontDoor,(0.0, -0.3, 1.0),(-30.2, 11.0, -73.9),-1,2.590866
05/08/2020 15:52:21,(-20.8, 15.7, -19.2),(0.0, 1.0, 0.0),1.573516,PavingByFrontDoor,(-0.1, -0.2, 1.0),(-30.6, 0.6, -39.3),4.169418,4.413803
05/08/2020 15:52:21,(-21.0, 15.7, -19.1),(0.0, 1.0, 0.0),1.685729,PavingByFrontDoor,(-0.2, -0.2, 1.0),(29.7, -1.0, -34.3),4.612076,4.471405
05/08/2020 15:52:21,(-20.9, 15.7, -19.1),(0.0, 1.0, 0.0),1.683002,PavingByFrontDoor,(-0.1, -0.2, 1.0),(-21.3, -0.2, -38.0),4.571976,4.410812
05/08/2020 15:52:21,(-20.9, 15.7, -19.0),(0.0, 1.0, 0.0),1.662737,PavingByFrontDoor,(0.0, -0.3, 1.0),(-30.5, 0.4, -39.4),3.929199,4.163528
05/08/2020 15:52:21,(-20.9, 15.7, -19.4),(0.0, 1.0, 0.0),1.833496,PavingByFrontDoor,(-0.1, -0.1, 1.0),(-31.2, 0.5, -38.5),4.422531,4.515945
05/08/2020 15:52:21,(-21.2, 15.7, -19.5),(0.0, 1.0, 0.0),1.904882,PavingByFrontDoor,(-0.3, -0.1, 1.0),(34.4, 0.3, -37.1),4.469467,4.438202
05/08/2020 15:52:22,(-21.1, 15.7, -19.5),(0.0, 1.0, 0.0),1.862295,PavingByFrontDoor,(-0.2, -0.1, 1.0),(0.7, 0.3, -38.2),4.364075,4.445755
05/08/2020 15:52:22,(-21.1, 15.7, -19.5),(0.0, 1.0, 0.0),1.875491,PavingByFrontDoor,(-0.2, -0.1, 1.0),(10.5, 0.4, -38.4),4.376953,4.440262
05/08/2020 15:52:22,(-21.1, 15.7, -19.5),(0.0, 1.0, 0.0),1.870317,PavingByFrontDoor,(-0.2, -0.1, 1.0),(0.7, 0.3, -38.3),4.377213,4.403214
05/08/2020 15:52:22,(-21.1, 15.7, -19.5),(0.0, 1.0, 0.0),1.903962,PavingByFrontDoor,(-0.2, -0.1, 1.0),(13.8, 0.3, -38.1),4.443329,4.455139
05/08/2020 15:52:22,(-21.0, 15.7, -19.5),(0.0, 1.0, 0.0),1.899634,PavingByFrontDoor,(-0.1, -0.1, 1.0),(-18.1, -0.2, -37.5),4.463806,4.339966
05/08/2020 15:52:22,(-21.1, 15.7, -19.6),(0.0, 1.0, 0.0),1.978871,PavingByFrontDoor,(-0.1, -0.1, 1.0),(-31.2, -0.1, -37.7),4.318756,4.403244
05/08/2020 15:52:22,(-21.1, 15.7, -19.7),(0.0, 1.0, 0.0),2.037373,PavingByFrontDoor,(-0.1, -0.1, 1.0),(-29.8, -0.1, -37.8),4.376053,4.312759
05/08/2020 15:52:22,(-21.2, 15.7, -19.7),(0.0, 1.0, 0.0),2.042161,PavingByFrontDoor,(-0.1, -0.1, 1.0),(-7.7, 0.1, -37.7),4.38475,4.3685
05/08/2020 15:52:22,(-21.1, 15.7, -19.8),(0.0, 1.0, 0.0),2.066098,PavingByFrontDoor,(-0.1, -0.1, 1.0),(-14.3, 0.0, -37.3),4.377792,4.34201
05/08/2020 15:52:22,(-21.2, 15.7, -19.8),(0.0, 1.0, 0.0),2.107107,PavingByFrontDoor,(-0.1, -0.1, 1.0),(-1.2, 0.3, -37.7),4.292206,4.277161
05/08/2020 15:52:22,(-21.2, 15.7, -19.9),(0.0, 1.0, 0.0),2.140778,PavingByFrontDoor,(-0.1, -0.1, 1.0),(-3.8, 0.3, -37.7),4.309204,4.311386
05/08/2020 15:52:22,(-21.2, 15.7, -20.0),(0.0, 1.0, 0.0),2.223236,PavingByFrontDoor,(-0.1, -0.1, 1.0),(8.6, 0.2, -37.2),4.371307,4.398407
05/08/2020 15:52:22,(-21.2, 15.7, -20.0),(0.0, 1.0, 0.0),2.207493,PavingByFrontDoor,(-0.1, -0.1, 1.0),(-15.2, 0.1, -37.6),4.350174,4.386276
05/08/2020 15:52:22,(-21.2, 15.7, -20.0),(0.0, 1.0, 0.0),2.237854,PavingByFrontDoor,(-0.1, -0.1, 1.0),(2.9, 0.3, -37.5),4.29213,4.351364
05/08/2020 15:52:22,(-21.2, 15.7, -20.2),(0.0, 1.0, 0.0),2.353705,PavingByFrontDoor,(-0.1, 0.0, 1.0),(-1.1, 0.7, -38.3),4.273926,4.431503
05/08/2020 15:52:22,(-21.3, 15.6, -20.4),(0.0, 1.0, 0.0),2.517898,Terrain_0_0-20200716 - 154804,(-0.2, 0.0, 1.0),(7.1, 0.8, -37.8),4.296661,4.465759
05/08/2020 15:52:23,(-21.3, 15.6, -20.4),(0.0, 1.0, 0.0),2.528374,Terrain_0_0-20200716 - 154804,(-0.2, 0.0, 1.0),(2.9, 0.7, -37.9),4.304901,4.397583
05/08/2020 15:52:23,(-21.3, 15.6, -20.4),(0.0, 1.0, 0.0),2.561066,Terrain_0_0-20200716 - 154804,(-0.2, 0.0, 1.0),(1.6, 0.7, -37.9),4.380341,4.407974
05/08/2020 15:52:23,(-21.3, 15.6, -20.4),(0.0, 1.0, 0.0),2.5066,Terrain_0_0-20200716 - 154804,(-0.2, 0.0, 1.0),(-5.4, 0.7, -38.2),4.365768,4.41449
05/08/2020 15:52:23,(-21.2, 15.6, -20.3),(0.0, 1.0, 0.0),2.446405,Terrain_0_0-20200716 - 154804,(-0.2, 0.0, 1.0),(-12.9, 0.6, -38.1),4.279343,4.451859
05/08/2020 15:52:23,(-21.2, 15.6, -20.3),(0.0, 1.0, 0.0),2.432175,Terrain_0_0-20200716 - 154804,(-0.2, 0.0, 1.0),(-10.5, 0.6, -38.0),4.320633,4.527084
05/08/2020 15:52:23,(-21.2, 15.7, -20.2),(0.0, 1.0, 0.0),2.361858,Terrain_0_0-20200716 - 154804,(-0.2, 0.0, 1.0),(-17.4, 0.4, -37.9),4.30246,4.494141
05/08/2020 15:52:23,(-21.2, 15.7, -20.2),(0.0, 1.0, 0.0),2.341527,PavingByFrontDoor,(-0.2, 0.0, 1.0),(-4.0, 0.4, -37.7),4.357712,4.570755
05/08/2020 15:52:23,(-21.3, 15.7, -20.2),(0.0, 1.0, 0.0),2.337397,PavingByFrontDoor,(-0.2, 0.0, 1.0),(10.5, 0.6, -37.7),4.254547,4.52919
05/08/2020 15:52:23,(-21.2, 15.7, -20.0),(0.0, 1.0, 0.0),2.221318,PavingByFrontDoor,(-0.2, 0.0, 1.0),(-6.7, 0.2, -37.5),4.397583,4.627625
05/08/2020 15:52:23,(-21.3, 15.7, -20.0),(0.0, 1.0, 0.0),2.241762,PavingByFrontDoor,(-0.2, 0.0, 1.0),(25.8, 0.6, -37.9),4.435165,4.336441
05/08/2020 15:52:23,(-21.0, 15.7, -19.8),(0.0, 1.0, 0.0),2.08926,PavingByFrontDoor,(-0.1, 0.0, 1.0),(-25.9, -0.2, -37.6),4.372772,4.504272
05/08/2020 15:52:23,(-21.3, 15.7, -19.9),(0.0, 1.0, 0.0),2.14054,PavingByFrontDoor,(-0.2, 0.0, 1.0),(27.7, 0.4, -37.7),4.520462,4.439362
05/08/2020 15:52:23,(-21.1, 15.7, -19.8),(0.0, 1.0, 0.0),2.071708,PavingByFrontDoor,(-0.1, -0.1, 1.0),(-0.2, 0.2, -38.0),4.52887,4.440964
05/08/2020 15:52:23,(-21.2, 15.7, -19.9),(0.0, 1.0, 0.0),2.108077,PavingByFrontDoor,(-0.1, -0.1, 1.0),(11.2, 0.3, -37.7),4.515228,4.501846
05/08/2020 15:52:23,(-21.0, 15.7, -19.8),(0.0, 1.0, 0.0),2.079998,PavingByFrontDoor,(-0.1, -0.1, 1.0),(-16.1, -0.1, -37.7),4.518707,4.547836
05/08/2020 15:52:24,(-21.2, 15.7, -19.9),(0.0, 1.0, 0.0),2.129863,PavingByFrontDoor,(-0.1, -0.1, 1.0),(12.2, 0.0, -37.1),4.662369,4.485703
05/08/2020 15:52:24,(-21.2, 15.7, -19.9),(0.0, 1.0, 0.0),2.118954,PavingByFrontDoor,(-0.1, -0.1, 1.0),(5.5, 0.0, -37.3),4.661636,4.489182
05/08/2020 15:52:24,(-21.2, 15.7, -19.9),(0.0, 1.0, 0.0),2.139764,PavingByFrontDoor,(-0.1, -0.1, 1.0),(15.7, 0.0, -37.0),4.662186,4.497787
05/08/2020 15:52:24,(-21.3, 15.7, -19.7),(0.0, 1.0, 0.0),2.031364,PavingByFrontDoor,(-0.2, -0.1, 1.0),(16.0, -0.4, -36.7),4.626968,4.648804
05/08/2020 15:52:24,(-21.2, 15.7, -19.7),(0.0, 1.0, 0.0),2.008657,PavingByFrontDoor,(-0.1, -0.1, 1.0),(-7.9, -0.4, -37.3),4.683411,4.686951
05/08/2020 15:52:24,(-21.2, 15.7, -19.7),(0.0, 1.0, 0.0),2.010494,PavingByFrontDoor,(-0.1, -0.1, 1.0),(-4.7, -0.4, -37.2),4.6866,4.679642
05/08/2020 15:52:24,(-21.2, 15.7, -19.7),(0.0, 1.0, 0.0),2.033919,PavingByFrontDoor,(-0.1, -0.1, 1.0),(0.1, -0.4, -37.0),4.71936,4.736649
05/08/2020 15:52:24,(-21.1, 15.7, -19.7),(0.0, 1.0, 0.0),2.026389,PavingByFrontDoor,(-0.1, -0.1, 1.0),(-13.9, -0.4, -37.0),4.691727,4.720184
05/08/2020 15:52:24,(-21.0, 15.7, -19.8),(0.0, 1.0, 0.0),2.07777,PavingByFrontDoor,(0.0, -0.1, 1.0),(-31.1, 0.8, -39.7),3.766983,4.450241
05/08/2020 15:52:24,(-21.1, 15.7, -19.6),(0.0, 1.0, 0.0),1.99991,PavingByFrontDoor,(-0.1, -0.2, 1.0),(-31.4, 0.8, -39.1),-1,4.196518
05/08/2020 15:52:24,(-21.2, 15.7, -19.8),(0.0, 1.0, 0.0),2.11554,PavingByFrontDoor,(-0.1, -0.1, 1.0),(-31.6, 0.4, -38.7),4.771225,4.723465
05/08/2020 15:52:24,(-21.2, 15.7, -19.8),(0.0, 1.0, 0.0),2.125961,PavingByFrontDoor,(-0.1, -0.1, 1.0),(-30.5, 0.1, -38.1),4.843414,4.770126
05/08/2020 15:52:24,(-21.3, 15.7, -19.8),(0.0, 1.0, 0.0),2.155088,PavingByFrontDoor,(-0.1, 0.0, 1.0),(-6.3, 0.3, -37.6),4.744705,4.924637
05/08/2020 15:52:24,(-21.3, 15.7, -19.8),(0.0, 1.0, 0.0),2.139498,PavingByFrontDoor,(-0.1, 0.0, 1.0),(-25.1, 0.0, -37.4),4.581604,4.679352
05/08/2020 15:52:24,(-21.4, 15.7, -19.8),(0.0, 1.0, 0.0),2.12101,PavingByFrontDoor,(-0.1, 0.0, 1.0),(-7.5, 0.2, -37.5),4.606522,4.676605
05/08/2020 15:52:24,(-21.4, 15.7, -19.1),(0.0, 1.0, 0.0),1.740951,PavingByFrontDoor,(-0.1, -0.2, 1.0),(3.9, -1.5, -36.2),4.750702,4.863281
05/08/2020 15:52:24,(-21.4, 15.7, -19.1),(0.0, 1.0, 0.0),1.697952,PavingByFrontDoor,(-0.1, -0.2, 1.0),(-30.9, -0.7, -38.5),4.813965,4.614304
05/08/2020 15:52:25,(-21.4, 15.7, -19.1),(0.0, 1.0, 0.0),1.690995,PavingByFrontDoor,(-0.1, -0.1, 1.0),(-10.3, -1.1, -36.5),4.618439,4.590149
05/08/2020 15:52:25,(-21.4, 15.7, -19.0),(0.0, 1.0, 0.0),1.658403,PavingByFrontDoor,(0.0, -0.1, 1.0),(-30.4, -0.4, -38.0),4.742645,4.708954
05/08/2020 15:52:25,(-21.3, 15.7, -18.8),(0.0, 1.0, 0.0),1.54726,PavingByFrontDoor,(0.0, -0.2, 1.0),(-30.6, -1.4, -38.0),4.816742,4.635437
05/08/2020 15:52:25,(-21.3, 15.7, -18.7),(0.0, 1.0, 0.0),1.516995,PavingByFrontDoor,(0.0, -0.2, 1.0),(-30.8, -1.3, -38.1),4.980804,4.740967
05/08/2020 15:52:25,(-21.4, 15.7, -18.9),(0.0, 1.0, 0.0),1.579659,PavingByFrontDoor,(0.0, 0.0, 1.0),(37.3, -2.9, -32.8),5.154617,4.587799
05/08/2020 15:52:25,(-21.3, 15.7, -18.8),(0.0, 1.0, 0.0),1.539208,PavingByFrontDoor,(0.0, -0.1, 1.0),(-24.3, -1.1, -37.9),4.703979,4.647446
05/08/2020 15:52:25,(-21.3, 15.7, -18.8),(0.0, 1.0, 0.0),1.556335,PavingByFrontDoor,(0.0, -0.1, 1.0),(-27.8, -1.3, -37.9),5.030609,4.514801
05/08/2020 15:52:25,(-21.3, 15.7, -18.8),(0.0, 1.0, 0.0),1.568667,PavingByFrontDoor,(0.0, -0.2, 1.0),(-27.5, -1.2, -38.1),4.660172,4.735321
05/08/2020 15:52:25,(-21.2, 15.7, -19.1),(0.0, 1.0, 0.0),1.683571,PavingByFrontDoor,(0.0, -0.1, 1.0),(-31.1, 0.4, -39.4),3.865234,4.147537
05/08/2020 15:52:25,(-21.2, 15.7, -19.7),(0.0, 1.0, 0.0),2.045856,PavingByFrontDoor,(-1.0, -1.0, -1.0),(-1.0, -1.0, -1.0),-1,4.028748
05/08/2020 15:52:25,(-21.2, 15.6, -20.3),(0.0, 1.0, 0.0),2.480662,Terrain_0_0-20200716 - 154804,(-0.1, 0.2, 1.0),(-31.3, 2.0, -40.6),4.677368,4.240601
05/08/2020 15:52:25,(-21.2, 15.7, -20.5),(0.0, 0.0, 1.0),2.612358,Floor Generic 150mm [397464],(-0.1, 0.1, 1.0),(-10.8, 0.3, -38.1),4.462891,4.486191
05/08/2020 15:52:25,(-21.2, 15.7, -20.6),(0.0, 1.0, 0.0),2.73953,Floor Generic 150mm [397464],(-0.1, 0.0, 1.0),(-26.1, 0.2, -38.7),4.602158,4.408417
05/08/2020 15:52:25,(-20.4, 15.7, -24.5),(0.0, 1.0, 0.0),6.395053,Floor Generic 150mm [371527],(0.0, 0.2, 1.0),(4.9, 1.4, -37.9),4.959274,4.18811
05/08/2020 15:52:25,(-20.1, 15.7, -23.3),(0.0, 1.0, 0.0),5.293956,Floor Generic 150mm [371527],(0.0, 0.0, 1.0),(-29.9, 1.2, -39.1),4.558716,4.278839
05/08/2020 15:52:25,(-19.8, 15.7, -23.4),(0.0, 1.0, 0.0),5.443957,Floor Generic 150mm [371527],(-0.1, -0.1, 1.0),(-26.7, 1.0, -38.8),4.429123,4.338882
05/08/2020 15:52:26,(-19.7, 16.3, -20.8),(-1.0, 0.0, 0.0),3.027903,Quad (12),(-1.0, -1.0, -1.0),(-1.0, -1.0, -1.0),-1,2.280807
05/08/2020 15:52:26,(5.6, 18.9, -32.7),(-0.9, 0.0, -0.5),30.44673,Terrain_0_0-20200716 - 154804,(0.3, 0.0, 0.9),(-27.5, 0.3, -35.8),-1,4.736221
05/08/2020 15:52:26,(10.8, 17.6, -24.3),(-0.1, 1.0, -0.1),32.51913,Terrain_0_0-20200716 - 154804,(0.5, -0.1, 0.9),(-26.7, -0.7, -36.0),-1,4.811707
05/08/2020 15:52:26,(-0.6, 16.4, -21.5),(-0.1, 1.0, 0.0),20.81243,Terrain_0_0-20200716 - 154804,(0.3, -0.1, 1.0),(-28.4, -0.4, -36.4),-1,4.436935
05/08/2020 15:52:26,(-2.7, 16.2, -22.8),(-0.1, 1.0, 0.0),19.09598,Terrain_0_0-20200716 - 154804,(0.1, -0.1, 1.0),(-29.6, 0.3, -37.6),4.471695,3.980774
05/08/2020 15:52:26,(0.4, 16.5, -22.5),(-0.1, 1.0, 0.0),21.97668,Terrain_0_0-20200716 - 154804,(-0.1, 0.0, 1.0),(4.5, -0.5, -36.0),4.197906,3.944397
05/08/2020 15:52:26,(-5.1, 16.1, -18.4),(-0.1, 1.0, 0.0),16.10498,Terrain_0_0-20200716 - 154804,(0.0, -0.1, 1.0),(-30.4, 0.8, -38.4),4.249054,3.8806
05/08/2020 15:52:26,(-6.2, 16.2, -15.5),(-0.1, 1.0, -0.1),15.23714,Terrain_0_0-20200716 - 154804,(0.1, -0.1, 1.0),(4.9, 0.1, -37.1),4.176514,3.794922
05/08/2020 15:52:26,(-9.1, 15.9, -16.7),(0.0, 1.0, 0.0),12.17052,Terrain_0_0-20200716 - 154804,(0.0, -0.1, 1.0),(-30.9, 0.9, -38.3),3.94783,3.716522
05/08/2020 15:52:26,(-8.7, 15.9, -16.7),(0.0, 1.0, 0.0),12.60454,Terrain_0_0-20200716 - 154804,(0.0, -0.1, 1.0),(-31.3, 0.9, -38.0),3.949097,3.741226
05/08/2020 15:52:26,(-7.9, 16.0, -17.2),(-0.1, 1.0, 0.0),13.27308,Terrain_0_0-20200716 - 154804,(-0.1, -0.1, 1.0),(-31.0, 0.8, -37.8),3.780121,3.687988
05/08/2020 15:52:26,(-9.0, 15.9, -17.6),(0.0, 1.0, 0.0),12.17029,Terrain_0_0-20200716 - 154804,(-0.1, -0.1, 1.0),(-26.6, 0.5, -37.3),3.735855,3.775314
05/08/2020 15:52:26,(-9.6, 15.9, -16.4),(0.0, 1.0, 0.0),11.70576,Terrain_0_0-20200716 - 154804,(-0.1, -0.1, 1.0),(-22.1, 0.5, -37.3),3.902756,3.686188
05/08/2020 15:52:26,(-9.2, 16.1, -14.4),(0.0, 1.0, -0.1),12.50187,Terrain_0_0-20200716 - 154804,(0.1, 0.0, 1.0),(4.9, 0.0, -36.6),4.244308,3.739456
05/08/2020 15:52:26,(-12.0, 15.8, -15.7),(0.0, 1.0, -0.1),9.497036,Terrain_0_0-20200716 - 154804,(0.0, -0.1, 1.0),(-30.9, 0.7, -37.8),4.082596,3.668945
05/08/2020 15:52:26,(-11.4, 15.9, -15.5),(0.0, 1.0, -0.1),10.03942,Terrain_0_0-20200716 - 154804,(0.0, -0.1, 1.0),(-31.1, 0.5, -37.6),4.017517,3.64827
05/08/2020 15:52:26,(-11.7, 15.9, -15.6),(0.0, 1.0, -0.1),9.799636,Terrain_0_0-20200716 - 154804,(-0.1, -0.1, 1.0),(-28.9, 0.7, -38.0),3.995361,3.820679
05/08/2020 15:52:26,(-10.7, 15.9, -15.8),(0.0, 1.0, -0.1),10.65604,Terrain_0_0-20200716 - 154804,(-0.1, -0.1, 1.0),(-2.4, 0.4, -37.4),3.908035,3.834335
05/08/2020 15:52:26,(-11.1, 15.9, -16.2),(0.0, 1.0, 0.0),10.2176,Terrain_0_0-20200716 - 154804,(-0.1, -0.1, 1.0),(25.0, 0.6, -37.8),3.972839,3.836212
05/08/2020 15:52:26,(-10.9, 15.9, -16.1),(0.0, 1.0, 0.0),10.39694,Terrain_0_0-20200716 - 154804,(-0.2, -0.1, 1.0),(-27.5, 0.5, -37.2),3.933685,3.969391
05/08/2020 15:52:26,(-10.8, 15.9, -16.5),(0.0, 1.0, 0.0),10.42394,Terrain_0_0-20200716 - 154804,(-0.2, -0.1, 1.0),(19.3, 0.5, -37.4),3.877884,4.03125
05/08/2020 15:52:27,(-13.4, 16.0, -14.7),(0.0, 1.0, -0.1),8.456911,Terrain_0_0-20200716 - 154804,(0.1, -0.1, 1.0),(4.8, -0.2, -36.6),4.49971,3.966568
05/08/2020 15:52:27,(-12.9, 16.0, -14.3),(0.0, 1.0, -0.1),9.058766,Terrain_0_0-20200716 - 154804,(0.1, -0.1, 1.0),(4.8, -0.2, -37.0),4.490097,4.043442
05/08/2020 15:52:27,(-11.0, 16.2, -13.5),(0.0, 1.0, -0.1),11.08848,Terrain_0_0-20200716 - 154804,(0.1, 0.0, 1.0),(37.5, -1.2, -35.4),4.424286,4.042404
05/08/2020 15:52:27,(-14.3, 15.9, -15.4),(0.0, 1.0, -0.1),7.354849,Terrain_0_0-20200716 - 154804,(0.0, -0.1, 1.0),(-29.3, 0.1, -37.8),4.061111,4.0271
05/08/2020 15:52:27,(-14.3, 15.8, -15.6),(0.0, 1.0, -0.1),7.282209,Terrain_0_0-20200716 - 154804,(0.0, -0.1, 1.0),(-27.6, 0.6, -38.5),4.277893,4.086975
05/08/2020 15:52:27,(-14.4, 15.8, -15.9),(0.0, 1.0, -0.1),7.116985,Terrain_0_0-20200716 - 154804,(0.0, -0.1, 1.0),(-28.3, 0.6, -38.1),4.249893,4.185974
05/08/2020 15:52:27,(-13.0, 15.8, -15.8),(0.0, 1.0, -0.1),8.437744,Terrain_0_0-20200716 - 154804,(0.0, -0.1, 1.0),(-1.7, -0.2, -36.1),4.307938,4.244446
05/08/2020 15:52:27,(-12.7, 15.8, -16.0),(0.0, 1.0, -0.1),8.689052,Terrain_0_0-20200716 - 154804,(0.0, -0.1, 1.0),(-3.5, -0.2, -36.5),4.437958,4.191284
05/08/2020 15:52:27,(-13.2, 15.8, -16.2),(0.0, 1.0, 0.0),8.210855,Terrain_0_0-20200716 - 154804,(0.0, -0.1, 1.0),(2.3, -0.1, -36.8),4.401276,4.257248
05/08/2020 15:52:27,(-15.3, 15.7, -18.8),(0.0, 1.0, 0.0),5.982778,Terrain_0_0-20200716 - 154804,(-0.3, -0.1, 1.0),(2.3, 0.6, -38.5),4.052353,4.379822
05/08/2020 15:52:27,(-14.9, 15.7, -18.8),(0.0, 1.0, 0.0),6.370347,Terrain_0_0-20200716 - 154804,(-0.2, -0.1, 1.0),(-31.3, 0.2, -37.2),4.140823,4.288528
05/08/2020 15:52:27,(-14.5, 15.7, -19.1),(0.0, 1.0, 0.0),6.757864,Terrain_0_0-20200716 - 154804,(-0.2, 0.0, 1.0),(15.3, 0.6, -37.4),4.139359,4.306915
05/08/2020 15:52:27,(-14.2, 15.7, -19.2),(0.0, 1.0, 0.0),7.062832,Terrain_0_0-20200716 - 154804,(0.0, 0.0, 1.0),(-28.9, 0.6, -37.9),4.63089,4.264526
05/08/2020 15:52:27,(-14.5, 15.7, -19.1),(0.0, 1.0, 0.0),6.807684,Terrain_0_0-20200716 - 154804,(0.0, 0.0, 1.0),(-29.6, 0.8, -38.6),4.618774,4.149506
05/08/2020 15:52:27,(-15.9, 15.6, -19.6),(0.0, 1.0, 0.0),5.576056,Terrain_0_0-20200716 - 154804,(0.0, 0.0, 1.0),(-30.6, 0.8, -38.4),4.750992,4.235916
05/08/2020 15:52:27,(-18.5, 15.6, -20.1),(0.0, 1.0, 0.0),3.509795,Terrain_0_0-20200716 - 154804,(-0.2, -0.2, 1.0),(2.9, -0.4, -36.8),4.171844,4.393066
05/08/2020 15:52:27,(-18.9, 15.6, -20.1),(0.0, 1.0, 0.0),3.230705,Terrain_0_0-20200716 - 154804,(-0.1, -0.2, 1.0),(-31.1, -0.6, -37.0),4.224365,4.40802
05/08/2020 15:52:27,(-19.1, 15.7, -20.1),(0.0, 1.0, 0.0),3.138511,Terrain_0_0-20200716 - 154804,(-0.1, -0.2, 1.0),(-21.6, -0.1, -37.3),4.628693,4.247375
05/08/2020 15:52:27,(-19.1, 15.7, -20.1),(0.0, 1.0, 0.0),3.141098,Terrain_0_0-20200716 - 154804,(0.1, -0.1, 1.0),(-29.8, 0.7, -38.3),4.733551,4.30835
05/08/2020 15:52:27,(-19.3, 15.7, -20.1),(0.0, 1.0, 0.0),2.993308,Terrain_0_0-20200716 - 154804,(0.1, -0.1, 1.0),(-30.2, 0.9, -38.5),4.960922,3.986374
